3.607621765136718750e+01 4.479065111788347053e+01 5.835588073730468750e+01 6.159414845126887883e+01 4.271513366699218750e+01 4.902872712224928620e+01 7.061111688344085451e+02 1.281902174118982529e+01 5.747844781836755068e-01 3.940640956497946656e-01 8.863232904269986445e-01 1.554012719041852342e-01
4.314239501953125000e+01 4.620319718856609370e+01 6.312106323242187500e+01 6.394053814027815008e+01 5.061181640625000000e+01 5.244508012174315326e+01 5.151729249785810225e+02 1.057855046194019977e+01 5.944969945583202797e-01 4.175838236011971127e-01 9.244017127752012231e-01 1.745000789796110896e-01
3.366265869140625000e+01 4.424505588619779672e+01 5.333174133300781250e+01 6.317402840216928439e+01 3.895585632324218750e+01 4.822164784352544586e+01 4.075294815836483622e+02 8.476997047545982156e+00 6.523091948179466915e-01 4.953703755715465062e-01 9.359301868519818157e-01 2.454821149243514022e-01
4.113751220703125000e+01 4.592060015787809846e+01 5.875621032714843750e+01 6.076106519010212992e+01 4.723423767089843750e+01 5.076685060533527150e+01 6.328587812119291129e+02 1.148822426716134792e+01 5.891239955963623043e-01 4.006848009775736408e-01 8.990426940667519684e-01 1.607213755230113006e-01
4.289242553710937500e+01 4.563768077471399209e+01 6.539006042480468750e+01 6.503409349981393461e+01 4.755511474609375000e+01 4.924074919525570948e+01 4.389763156334710175e+02 9.814782032977440451e+00 5.904765384098191738e-01 4.040823331869161095e-01 9.345605127753237040e-01 1.634315966627662986e-01
3.786225891113281250e+01 4.557129082852689805e+01 5.749539184570312500e+01 6.600714334016414853e+01 4.253488159179687500e+01 4.998415005442451076e+01 3.447154965677628411e+02 7.579645178844190312e+00 6.501209776070734359e-01 4.831310693060373862e-01 9.502098034223087630e-01 2.335534193706640393e-01
4.739775085449218750e+01 5.316260830298948292e+01 7.071878051757812500e+01 7.287512386304312884e+01 5.594772338867187500e+01 6.008623448045877780e+01 9.302889978636535488e+02 1.424354046441925270e+01 5.816416291351393930e-01 3.921353084237928499e-01 8.949462272176742506e-01 1.539608018200752382e-01
4.199967956542968750e+01 4.595765710788099057e+01 6.517674255371093750e+01 6.409183538883979736e+01 4.837280273437500000e+01 5.047553252418202874e+01 6.924712790552055139e+02 1.293215417505171771e+01 5.674811497532510352e-01 3.797257893936558104e-01 8.962187152443347182e-01 1.443441957508339313e-01
7.314753723144531250e+01 5.303600606367560744e+01 9.538014221191406250e+01 4.880986416618245727e+01 9.933442687988281250e+01 5.918950611696316599e+01 6.294921591314204079e+02 1.234196535911877923e+01 3.912555261266834061e-01 1.093148854876569015e-01 8.777221107956172386e-01 1.229760790655961243e-02
2.818147277832031250e+01 3.921300473516689067e+01 5.000239562988281250e+01 6.119859537543322148e+01 3.407800292968750000e+01 4.443977639833458682e+01 3.872026251231578158e+02 8.402576065623257762e+00 6.564339871791093906e-01 4.953870499018477869e-01 9.323482215648355442e-01 2.455219252916373274e-01
3.560467529296875000e+01 4.313950127132336831e+01 5.755247497558593750e+01 6.056032027359671588e+01 4.322833251953125000e+01 4.843717698231786528e+01 7.948185424722764765e+02 1.336914794695408659e+01 5.872648025608659950e-01 3.999912630674360980e-01 8.667633591005633464e-01 1.601578174830285695e-01
3.200723266601562500e+01 4.714565005930784736e+01 5.345727539062500000e+01 6.701986950520324626e+01 3.958985900878906250e+01 5.288068228708478102e+01 4.545985817001044893e+02 8.581993489947805642e+00 6.693478873140356056e-01 5.156418584433060115e-01 9.375321871622903647e-01 2.659933425740449442e-01
3.153715515136718750e+01 4.613545377824743099e+01 4.544944763183593750e+01 6.005480622203585028e+01 3.692065429687500000e+01 5.114175362919383616e+01 7.544897943245471197e+02 1.107742666104828544e+01 6.437084002978123998e-01 4.618049871307460252e-01 8.786589986956025999e-01 2.136044129220974752e-01
4.708576965332031250e+01 4.742401548800985722e+01 7.072460937500000000e+01 6.665846745933407647e+01 5.205969238281250000e+01 5.114121076756551787e+01 4.542268103399831034e+02 1.027111788164480544e+01 5.718913805881093992e-01 3.803383498509871896e-01 9.360734363829865678e-01 1.448110337491699540e-01
4.086012268066406250e+01 4.849093712274068224e+01 6.593597412109375000e+01 6.511260544431759456e+01 4.915542602539062500e+01 5.239939975984493259e+01 7.425153905215107670e+02 1.324060594554730841e+01 5.602984019466177301e-01 3.670373761185818928e-01 8.935192538321744538e-01 1.348594181850974461e-01
3.265011596679687500e+01 4.295821233697580510e+01 5.209028625488281250e+01 6.202309317142574230e+01 3.896780395507812500e+01 4.863827248252771795e+01 5.797147882638685132e+02 1.073453191965552023e+01 6.457406258100866214e-01 4.931328522162524153e-01 9.067478322027222593e-01 2.432692110762673110e-01
4.295237731933593750e+01 5.053824072097392417e+01 6.337649536132812500e+01 6.556272230414474222e+01 5.020481872558593750e+01 5.583201221727620123e+01 1.089215498287048831e+03 1.595885461832584262e+01 5.687828063801343426e-01 3.764807035368579191e-01 8.514151611836076050e-01 1.419019171581643035e-01
5.289018249511718750e+01 4.828136039938223689e+01 8.044767761230468750e+01 6.951184755916396796e+01 6.080158996582031250e+01 5.433885616744491642e+01 5.424547072975574338e+02 1.153672165246681658e+01 5.429720545667955367e-01 3.424311455326422005e-01 9.302109283375101789e-01 1.174189088865254804e-01
5.035299682617187500e+01 4.614299074243810139e+01 8.269970703125000000e+01 6.795642469003537656e+01 6.093530273437500000e+01 5.238016190447315523e+01 5.224664302334105059e+02 1.141179020884322881e+01 5.252742993088910239e-01 3.176893948043240101e-01 9.283946378851355430e-01 1.010661741142833830e-01
3.894132995605468750e+01 4.306813318775370192e+01 6.177821350097656250e+01 6.479237155672834092e+01 4.425975036621093750e+01 4.803362832978184116e+01 3.770462780904500733e+02 8.584204742424670798e+00 6.046834881979261667e-01 4.083760878531929039e-01 9.421953640342719538e-01 1.669704682620143932e-01
3.204354858398437500e+01 4.278741704209444663e+01 5.228561401367187500e+01 6.397827517342464176e+01 3.853341674804687500e+01 4.913360144829538712e+01 4.324409854445279962e+02 9.002038988712619982e+00 6.657247754856687738e-01 5.164012674845235296e-01 9.335326576601775672e-01 2.667781690099477743e-01
3.390386962890625000e+01 3.965317212699386573e+01 5.687464904785156250e+01 5.852326114773795496e+01 4.149128723144531250e+01 4.539632719955170614e+01 4.388228947398341688e+02 9.343210381751966054e+00 5.959348172886416162e-01 4.108804772235725156e-01 9.194425895060434062e-01 1.689548341184808344e-01
3.572554016113281250e+01 4.702170082713652732e+01 5.173985290527343750e+01 6.118216180970424034e+01 4.102703857421875000e+01 5.005665675626692490e+01 6.637650711149215113e+02 1.041298302118094199e+01 6.282802100808142498e-01 4.342440980011605389e-01 8.946320478581444302e-01 1.887371846749473503e-01
1.849209594726562500e+01 3.071957999381914561e+01 3.387948608398437500e+01 4.822029364356699688e+01 2.442994689941406250e+01 3.721488790618263920e+01 3.115029084093431493e+02 6.105602462510672623e+00 7.195671128481353485e-01 5.734138774365786784e-01 9.141141687263850679e-01 3.289279651044689778e-01
3.814099121093750000e+01 5.073214772110882365e+01 6.479853820800781250e+01 7.455915021509925111e+01 4.747695922851562500e+01 5.738967757080921928e+01 4.630420950093027841e+02 9.031579769578247152e+00 6.417987236896833814e-01 4.769059717858489256e-01 9.476021636478272336e-01 2.275500771026445213e-01
3.394245910644531250e+01 3.765203352894641142e+01 5.938180541992187500e+01 6.194053954576862964e+01 4.373588562011718750e+01 4.677087318964108675e+01 3.039560964600324269e+02 6.349780499401550315e+00 6.342874024334071992e-01 4.432057689075824536e-01 9.485279922817532183e-01 1.965564354108880751e-01
3.437791442871093750e+01 4.367508848749623951e+01 5.503875732421875000e+01 6.048702732146934125e+01 4.034004211425781250e+01 4.810536790766109050e+01 5.380141810735422041e+02 1.052682098349794870e+01 6.083446890904580240e-01 4.336207948703767467e-01 9.098871865204452014e-01 1.881664767703347119e-01
3.034446716308593750e+01 4.134654352648384190e+01 4.925671386718750000e+01 5.817763533788539831e+01 3.569763183593750000e+01 4.588350626026250723e+01 4.839982863775502437e+02 9.700186405092605213e+00 6.370510979948870167e-01 4.740547359379869707e-01 9.117597293139889647e-01 2.248458505626646509e-01
3.670321655273437500e+01 4.381636003140648228e+01 6.111508178710937500e+01 6.312738311235399635e+01 4.509385681152343750e+01 4.900039605533402920e+01 6.105386981151227701e+02 1.156180992114994055e+01 5.767416645553116172e-01 3.846009912969060585e-01 9.042498180144207254e-01 1.480821253868575549e-01
4.839656066894531250e+01 5.139610919175579795e+01 7.433949279785156250e+01 7.258534002173490762e+01 5.603166198730468750e+01 5.730975758573021039e+01 6.335925084908237750e+02 1.220540511184701415e+01 5.769475855844681256e-01 3.903353799079088970e-01 9.258723066765854881e-01 1.525005648956391791e-01
4.249760437011718750e+01 4.948828319616994520e+01 6.335130310058593750e+01 6.571870367348340380e+01 4.961688232421875000e+01 5.391469089844278528e+01 6.897874390112549463e+02 1.200718550776806381e+01 5.911556655505276758e-01 4.102188040601640884e-01 9.047070784037585245e-01 1.684232817864977916e-01
3.467724609375000000e+01 4.542904212604772596e+01 5.701359558105468750e+01 6.442668620691671322e+01 4.178195190429687500e+01 5.041410640106014540e+01 5.433307329718917345e+02 1.031814050312931741e+01 6.262025105119062296e-01 4.591427468568279879e-01 9.188452234514220551e-01 2.109285387240613652e-01
3.741384887695312500e+01 4.679097312382616991e+01 5.762426757812500000e+01 6.499359920558316617e+01 4.425593566894531250e+01 5.277692903868744878e+01 7.887885901473057402e+02 1.316822118823174748e+01 6.184335877933995196e-01 4.526118796463140526e-01 8.872706095218608757e-01 2.049894966191904144e-01
3.467985534667968750e+01 4.524436014256937710e+01 5.382225036621093750e+01 6.060277187875961147e+01 4.061984252929687500e+01 4.895670052149925766e+01 5.763657138563746685e+02 1.065389052975294248e+01 6.115681296176296300e-01 4.361539690700609873e-01 9.054763736537050356e-01 1.903402004851472984e-01
4.270825195312500000e+01 4.937322759646151127e+01 5.824041748046875000e+01 6.293772328792571358e+01 4.725323486328125000e+01 5.309261554790176518e+01 6.805531341411617632e+02 1.164732346883920933e+01 6.064147256032349498e-01 4.297725778410279585e-01 9.001777267689672346e-01 1.848243972152587011e-01
3.736621093750000000e+01 4.445167041939645713e+01 6.681129455566406250e+01 6.774340982849771819e+01 4.757298278808593750e+01 5.121231568203638318e+01 5.031572079596635376e+02 1.019105427571398614e+01 5.944530503056227877e-01 4.135011261707687291e-01 9.296445958816818012e-01 1.711092315091179150e-01
4.145526123046875000e+01 4.619792201433416068e+01 6.133103942871093750e+01 6.223068478130977610e+01 4.534640502929687500e+01 4.879987056168210557e+01 6.067708775008153452e+02 1.200423694789187579e+01 5.767102150464336052e-01 3.879015714997635089e-01 9.040567396645812215e-01 1.506362257329029175e-01
4.004589843750000000e+01 4.873448332309455822e+01 6.284707641601562500e+01 6.609926231536380214e+01 4.720159912109375000e+01 5.313643610715131871e+01 6.085449541654536461e+02 1.140903245472255101e+01 5.908691623459811915e-01 4.111274481988077545e-01 9.154690162451151192e-01 1.691491161189891956e-01
4.077908325195312500e+01 4.905489957291516134e+01 5.829638671875000000e+01 6.352273644944957454e+01 4.611795043945312500e+01 5.249338457016591519e+01 8.077156050612215950e+02 1.265799067881456352e+01 5.795804654504840281e-01 3.768051892450869911e-01 8.817423829684162273e-01 1.422857350473206162e-01
3.817465209960937500e+01 4.574016343262582751e+01 5.575392150878906250e+01 6.149650359003359767e+01 4.164234924316406250e+01 4.829376418396325477e+01 6.677803564246991073e+02 1.183681372730670667e+01 6.023949062951311495e-01 4.203099614327417410e-01 8.919310035098231282e-01 1.768617476349088891e-01
4.120396423339843750e+01 4.581324617328778004e+01 6.943067932128906250e+01 7.033552304016055245e+01 4.945071411132812500e+01 5.254078133901015235e+01 5.497894156074289640e+02 1.067282434337261599e+01 6.002118875069998305e-01 4.205689378958838986e-01 9.284091116263328836e-01 1.770130759584939428e-01
4.211837768554687500e+01 4.413676138129557103e+01 6.212229919433593750e+01 6.046151199867444603e+01 4.583787536621093750e+01 4.700526275807484211e+01 6.055828432622781747e+02 1.220039738689384912e+01 5.680543103876970479e-01 3.809459113604382607e-01 8.977312001868591462e-01 1.452836368806187939e-01
3.703454589843750000e+01 4.110686425353599560e+01 5.386546325683593750e+01 5.561146374393204894e+01 4.041645812988281250e+01 4.358032643074882628e+01 4.418940852669852575e+02 9.587618859332424748e+00 5.917001669851515988e-01 4.008249299515199704e-01 9.124151424123954079e-01 1.608436530786730712e-01
3.484545898437500000e+01 4.257586017639616216e+01 4.934260559082031250e+01 5.570841523527077754e+01 3.939756774902343750e+01 4.655126364860998223e+01 5.859620669418487751e+02 1.099670426744571117e+01 6.192822562864410685e-01 4.510268123635453597e-01 8.892196130356331274e-01 2.035449704710163288e-01
5.106231689453125000e+01 4.968987586107486720e+01 7.484873962402343750e+01 6.596157106034432616e+01 5.558412170410156250e+01 5.178514552999089915e+01 7.581456456805500466e+02 1.424191401066000928e+01 5.279033468238133464e-01 3.229181768567441768e-01 8.933106226310025821e-01 1.044446275561856652e-01
3.820913696289062500e+01 4.895300773268641592e+01 5.835716247558593750e+01 6.600948553389453366e+01 4.287052917480468750e+01 5.161144345570844649e+01 5.688854293524287868e+02 1.071996818612386626e+01 6.230803257292756303e-01 4.565468100322548350e-01 9.199203496785302026e-01 2.085476216367521118e-01
4.415461730957031250e+01 4.883179584057810985e+01 7.663252258300781250e+01 8.077936684078791529e+01 5.460739135742187500e+01 5.865750544163477542e+01 2.788070250656134021e+02 5.821935969928850874e+00 6.387887408642292097e-01 4.538571468529131736e-01 9.718391623249571509e-01 2.061204216652197940e-01
3.409133911132812500e+01 3.379812903199267282e+01 6.386614990234375000e+01 5.282215782090349165e+01 4.842263793945312500e+01 4.063993861726064694e+01 3.469855998648214381e+02 8.386136965711473934e+00 5.113201052447233774e-01 2.580635676540212753e-01 9.195954399409738134e-01 6.679902126996985212e-02
3.185835266113281250e+01 4.334731111870517850e+01 4.730972290039062500e+01 5.640137174366214623e+01 3.799668884277343750e+01 4.820288034933972199e+01 6.685142376842038630e+02 1.114705264953578734e+01 6.170878997564812618e-01 4.361581123624492795e-01 8.781401643431961945e-01 1.904093451599486453e-01
4.167971801757812500e+01 4.699737075288528843e+01 6.329457092285156250e+01 6.523533498408710329e+01 4.680017089843750000e+01 5.079998287862743211e+01 6.880662979136652666e+02 1.271191653534850374e+01 5.960041786076276660e-01 4.232127069447054746e-01 9.000528637363960360e-01 1.792266311910011289e-01
5.643130493164062500e+01 5.541497981610056911e+01 7.631248474121093750e+01 6.835839280823238084e+01 6.278944396972656250e+01 5.958618071661806681e+01 7.245471109663984635e+02 1.195680920640774758e+01 5.197285014850092644e-01 2.820527216497167311e-01 9.103221911647022546e-01 7.981032807809339269e-02
3.354806518554687500e+01 3.844288433187035992e+01 5.801620483398437500e+01 6.134808253971626613e+01 4.294509887695312500e+01 4.683016287667747690e+01 4.372958802490986727e+02 8.905573457998716691e+00 6.154201068049637291e-01 4.368963425250077526e-01 9.253231854216049657e-01 1.910057763999752356e-01
5.901664733886718750e+01 5.226940890955056318e+01 8.224394226074218750e+01 6.428868026348109765e+01 6.833065795898437500e+01 5.768760879748086268e+01 1.181398354211437436e+03 1.779595351283885307e+01 4.694992855107172347e-01 2.307922555006499399e-01 8.355681509271983831e-01 5.352748936897339105e-02
3.665968322753906250e+01 4.269653312581840510e+01 5.913247680664062500e+01 6.245190359305073002e+01 4.342826843261718750e+01 4.797417848805464757e+01 4.440801130714368696e+02 9.499129868807777655e+00 6.120247036829464804e-01 4.366153344840331130e-01 9.283177477532790212e-01 1.907592616536510355e-01
3.892706298828125000e+01 4.605054638418707214e+01 6.119795227050781250e+01 6.670474308715539280e+01 4.322994995117187500e+01 4.902763687414798710e+01 4.785972080200181722e+02 9.358817795226821445e+00 5.984124809637645370e-01 3.969334668499509000e-01 9.309637428775137113e-01 1.577950961187570833e-01
4.731166076660156250e+01 5.227896517453154246e+01 7.220889282226562500e+01 7.177608154260771300e+01 5.406076049804687500e+01 5.706757993807034524e+01 7.728707187535812864e+02 1.329565892783981695e+01 5.687765383039380396e-01 3.764269072901362256e-01 9.082967679271888306e-01 1.418743885637064051e-01
3.493223571777343750e+01 4.455710564813831098e+01 5.565452575683593750e+01 6.289634231553760912e+01 4.092530822753906250e+01 4.949553889719847888e+01 4.814304475880421137e+02 9.704627268264877316e+00 6.285452704365943610e-01 4.620230761208110604e-01 9.248469346908949618e-01 2.135808301728246150e-01
3.478146362304687500e+01 3.985778898692408490e+01 6.123799133300781250e+01 6.352634550819360726e+01 4.245588684082031250e+01 4.630888757763054286e+01 4.389516794989685309e+02 8.963748345684653174e+00 6.139652116234086687e-01 4.337925632004102638e-01 9.284385173489004828e-01 1.883153377962143438e-01
4.948039245605468750e+01 5.119478059693624061e+01 7.053599548339843750e+01 6.665791502131789059e+01 5.860838317871093750e+01 5.821868816598509966e+01 7.637736910536057167e+02 1.272017334653283349e+01 5.440484235859031070e-01 3.251927241200646690e-01 8.999350217251251838e-01 1.059856457791670953e-01
4.401428222656250000e+01 4.534090075604549241e+01 6.627540588378906250e+01 6.303991381847516351e+01 5.083377075195312500e+01 5.024661700477938098e+01 6.113350407053503659e+02 1.207466906344478019e+01 5.501919573804966435e-01 3.464542874117286786e-01 9.058277313289941901e-01 1.202317841890126610e-01
3.441743469238281250e+01 4.082592202020740757e+01 6.028277587890625000e+01 5.958589032964538745e+01 4.289154052734375000e+01 4.572575412502845182e+01 5.708486220080902740e+02 1.132232254157332818e+01 5.682721663717303917e-01 3.748000198957717188e-01 8.983397043108257707e-01 1.406420735701014446e-01
4.529643249511718750e+01 5.528766107378061889e+01 7.283680725097656250e+01 7.814537641046155159e+01 5.558410644531250000e+01 6.262952891349390683e+01 7.480680377373207648e+02 1.201216367244923333e+01 6.085897134503823747e-01 4.309233071882404009e-01 9.249891838591279836e-01 1.858319837161966359e-01
3.441795349121093750e+01 3.868054291193690375e+01 5.319989013671875000e+01 5.585920774658212906e+01 4.132614135742187500e+01 4.474139885183828369e+01 3.391116321824455326e+02 8.033176867700687396e+00 6.143530508729553308e-01 4.332270185816946562e-01 9.334442339202186911e-01 1.878069991346935363e-01
3.616064453125000000e+01 4.161813137157798081e+01 5.745799255371093750e+01 5.991714763395617638e+01 4.077423095703125000e+01 4.477250054931985090e+01 4.488358381029798920e+02 9.573782393656902201e+00 6.018375071314542302e-01 4.174954710692119209e-01 9.204827421162791179e-01 1.744665473162054226e-01
3.620570373535156250e+01 4.648511618171308868e+01 5.612841796875000000e+01 6.194999662488569214e+01 4.274655151367187500e+01 5.068170173802418077e+01 6.814295093213614791e+02 1.189831225193243114e+01 6.051313719310235095e-01 4.291676173130630212e-01 8.937788220631383007e-01 1.843032208529374327e-01
3.552757263183593750e+01 4.194430521820876123e+01 5.946711730957031250e+01 6.059841067024711947e+01 4.447183227539062500e+01 4.838255704495367837e+01 5.125273566345413201e+02 1.062357007237899076e+01 5.732456746472750497e-01 3.768198410463865500e-01 9.140776179024560077e-01 1.421603273036227688e-01
3.885111999511718750e+01 4.395991500058210733e+01 6.326914978027343750e+01 6.298701724349783149e+01 4.527067565917968750e+01 4.812622694707284410e+01 4.710224155263031207e+02 1.043166229050022054e+01 5.760780777008418507e-01 3.882937051259641725e-01 9.252547043077816724e-01 1.508990993919914203e-01
4.126905822753906250e+01 4.749406101985277218e+01 6.294711303710937500e+01 6.678853505750339536e+01 4.557322692871093750e+01 5.071980726740483902e+01 5.445329466140013892e+02 1.089112270555884265e+01 6.000089397521528589e-01 4.189367847246598386e-01 9.233495588040323554e-01 1.756891172308187310e-01
3.134033203125000000e+01 3.942533698739229209e+01 5.387590026855468750e+01 6.323500766272815099e+01 4.039302062988281250e+01 4.863529266511511651e+01 3.593505230006840634e+02 7.990434059651247978e+00 6.649878764736346648e-01 5.158721767638391187e-01 9.428102685805208605e-01 2.661948777161041169e-01
3.712274169921875000e+01 4.563664313020867525e+01 5.379454040527343750e+01 6.243502023551395297e+01 4.247048950195312500e+01 5.064430557079139561e+01 6.369417383874955476e+02 1.097919909051092802e+01 6.226346611799193909e-01 4.388696233927308898e-01 9.008672086203382001e-01 1.928380923901388821e-01
4.354580688476562500e+01 4.689536642317322901e+01 6.329153442382812500e+01 6.332593618313698869e+01 4.736830139160156250e+01 4.954720072137478581e+01 5.408455614425672593e+02 1.107171251505112508e+01 5.814323120338262818e-01 3.922561588120598297e-01 9.173372608741514611e-01 1.540252156434450403e-01
4.595324707031250000e+01 5.355481752996150391e+01 7.600854492187500000e+01 8.088856180052985678e+01 5.361727905273437500e+01 5.908095887368735788e+01 5.199728289985506535e+02 9.387924790596738234e+00 6.244465527392555337e-01 4.511809198776915997e-01 9.484250693290690037e-01 2.036935931460229499e-01
3.914439392089843750e+01 4.319702054104133282e+01 6.125929260253906250e+01 6.222841123970270161e+01 4.405886840820312500e+01 4.725455560037604386e+01 5.503035964144257832e+02 1.089324478449762523e+01 5.854636760760109082e-01 3.938703768609045364e-01 9.102397843731635518e-01 1.553422378742880805e-01
3.466600036621093750e+01 4.406015412396155284e+01 6.095347595214843750e+01 6.098487105422357502e+01 4.526130676269531250e+01 4.976960285712598875e+01 8.909562415335070682e+02 1.454143494190752151e+01 5.528955885047075469e-01 3.519727604201874360e-01 8.542209480703925051e-01 1.240847694188078887e-01
2.821701049804687500e+01 3.918059291324700411e+01 4.922468566894531250e+01 5.734091903023534798e+01 3.571510314941406250e+01 4.455441449504684215e+01 5.296133733960245991e+02 1.020987291882017445e+01 6.248848767135216642e-01 4.557295257941468281e-01 8.989916192238235348e-01 2.078289119987786759e-01
3.832968139648437500e+01 4.446748877253364896e+01 5.672338867187500000e+01 6.238325272693219858e+01 4.286151123046875000e+01 4.875980455854264761e+01 4.932752866581115541e+02 1.015851799719393611e+01 6.169394659325575514e-01 4.474794941128360515e-01 9.218758702470615241e-01 2.003808028071809577e-01
3.867723083496093750e+01 4.792068150028588747e+01 6.032208251953125000e+01 6.861302333273491172e+01 4.654661560058593750e+01 5.483725694811150930e+01 7.155099309473939684e+02 1.211415872541655858e+01 6.242975615540100609e-01 4.564991835685120458e-01 9.069791453172901807e-01 2.085226175870443510e-01
3.280221557617187500e+01 4.455491221639599786e+01 6.090112304687500000e+01 6.515446116555582989e+01 4.378855895996093750e+01 5.124003914573361840e+01 6.373827498813243437e+02 1.124947666066629814e+01 6.039322898091256109e-01 4.248390615747223986e-01 9.058890959316338032e-01 1.806264353323748795e-01
4.339414978027343750e+01 5.018469636596663719e+01 6.727932739257812500e+01 7.133013121758786212e+01 4.937689208984375000e+01 5.492114663865427815e+01 6.112661996034025833e+02 1.141223540442060091e+01 6.068482093772497032e-01 4.309905892680686579e-01 9.249929504152998305e-01 1.859013085619606320e-01
2.444877624511718750e+01 3.373821274059534403e+01 4.589173889160156250e+01 4.454962937727457017e+01 3.512329101562500000e+01 3.976406281631003736e+01 4.944836498419787176e+02 9.626819733118900047e+00 5.640398437408304932e-01 3.389054515391739519e-01 8.521626413191807359e-01 1.150031831823235262e-01
3.526702880859375000e+01 3.997149615285137259e+01 5.687500000000000000e+01 6.028336989816757807e+01 4.027418518066406250e+01 4.422251187731915678e+01 3.854450461042348479e+02 8.607795636566716979e+00 6.164167918870062657e-01 4.385766261983610192e-01 9.313502754038921472e-01 1.924952875969015986e-01
3.050390625000000000e+01 3.721065886187142269e+01 4.691728210449218750e+01 5.365949533503007274e+01 3.662034606933593750e+01 4.303036009743133405e+01 3.581972937437647033e+02 8.217483643279237526e+00 6.467835005958673111e-01 4.856084840426777016e-01 9.240143785682923827e-01 2.359286570342699341e-01
4.360136413574218750e+01 5.150852120103861864e+01 7.312358093261718750e+01 7.103246415347709330e+01 5.136941528320312500e+01 5.516940884883030094e+01 9.608934505389725018e+02 1.511730083188674456e+01 5.587575012855877654e-01 3.693359972824147297e-01 8.813187662241495079e-01 1.365533502846161262e-01
3.739485168457031250e+01 4.365187332362541639e+01 6.334169006347656250e+01 6.449982653861073345e+01 4.516673278808593750e+01 4.868132951267573105e+01 4.677452469554251593e+02 1.002400759139175968e+01 5.874262867659886256e-01 4.016009785033266555e-01 9.283823807765840819e-01 1.614134191684214736e-01
4.463629150390625000e+01 4.824630527787393675e+01 6.811111450195312500e+01 6.789140476935013169e+01 5.191995239257812500e+01 5.387841787028239082e+01 6.800147851316769447e+02 1.280713684369940353e+01 5.759775735326746471e-01 3.929361603770014644e-01 9.095998120084582972e-01 1.545339720508333015e-01
4.402639770507812500e+01 5.259149978648665780e+01 7.351583862304687500e+01 8.305092828400707106e+01 5.349368286132812500e+01 6.186853651836155166e+01 4.904144506195914346e+02 9.046579560059441860e+00 6.449286071761016759e-01 4.828983581346371068e-01 9.541300071494753787e-01 2.333066274066274426e-01
4.546987915039062500e+01 4.692953021927245061e+01 7.059707641601562500e+01 6.229420469217020440e+01 5.249925231933593750e+01 5.039932912400677623e+01 9.955954781712785007e+02 1.655029413177050301e+01 4.996819265850073188e-01 2.775071245117075591e-01 8.443706512328190694e-01 7.726915281704038740e-02
3.336750793457031250e+01 3.617973844135180173e+01 5.489933776855468750e+01 5.628519961633352864e+01 3.739221191406250000e+01 3.946318493822773377e+01 3.226600224063765268e+02 7.995406349102333721e+00 6.029370817887014233e-01 4.100931850413994662e-01 9.320129899066447177e-01 1.683219150389882734e-01
3.551367187500000000e+01 4.503635713734938406e+01 5.474156188964843750e+01 6.304722276586205965e+01 4.175480651855468750e+01 5.047719051086860986e+01 6.833687166215897832e+02 1.198072124340646916e+01 6.289912453366550693e-01 4.677215495943948254e-01 8.953690137565677443e-01 2.188891428041642717e-01
4.480393981933593750e+01 5.276985522612528712e+01 7.070329284667968750e+01 7.174859442627041517e+01 5.390728759765625000e+01 5.807813980205877158e+01 1.071146206430879147e+03 1.522681310084772477e+01 5.527326917896071556e-01 3.346177734471629250e-01 8.733331412067304456e-01 1.123505755384467258e-01
4.426542663574218750e+01 4.288023018100349759e+01 7.020603942871093750e+01 6.097359093115600359e+01 5.132826232910156250e+01 4.728018711183995748e+01 5.769245826736987510e+02 1.221133756324666209e+01 5.294115659535592044e-01 3.202605174501440000e-01 9.030020203356790010e-01 1.027268583502920496e-01
4.658471679687500000e+01 5.369511267620565320e+01 6.574949645996093750e+01 6.752000599650757806e+01 5.100234985351562500e+01 5.574665824394194402e+01 9.041174361335872618e+02 1.427431751309352492e+01 5.654579671290338450e-01 3.691764709010058043e-01 8.832443649566756871e-01 1.364903122033222505e-01
4.279371643066406250e+01 5.079625413141561552e+01 6.803063964843750000e+01 7.802167781716376282e+01 5.018296813964843750e+01 5.866464630551423198e+01 4.005988772478023066e+02 7.833296066385388556e+00 6.511559718805179919e-01 4.876481245921615582e-01 9.579602924324206459e-01 2.379372000708584456e-01
5.262689208984375000e+01 5.101185930262507640e+01 6.989233398437500000e+01 6.058058213816536863e+01 5.451913452148437500e+01 5.106481285959748107e+01 8.460344406587973936e+02 1.473669769053929812e+01 5.023005152661078609e-01 2.764516571940571765e-01 8.645193076365069729e-01 7.663671893500910437e-02
2.998538208007812500e+01 4.321314340428056511e+01 4.760472106933593750e+01 5.767961915504196213e+01 3.425097656250000000e+01 4.511230221411942409e+01 5.980829156889901697e+02 1.057469797703751269e+01 6.355495504171427834e-01 4.698086365062991154e-01 8.898039914176553156e-01 2.208334627292252439e-01
3.906657409667968750e+01 4.896012478775380572e+01 5.333230590820312500e+01 6.242563044108538861e+01 4.260653686523437500e+01 5.179570401903990273e+01 6.960958287736423244e+02 1.094680065016127379e+01 6.351781459238412531e-01 4.640404016081247085e-01 8.952394267643990489e-01 2.154814015269264638e-01
3.954080200195312500e+01 4.814017663740975195e+01 5.865333557128906250e+01 6.214764729949745714e+01 4.823516845703125000e+01 5.366463509663165610e+01 8.148754557399781788e+02 1.310589397025261960e+01 5.674631231319497982e-01 3.613376449343232988e-01 8.764384684815162974e-01 1.308063170421314703e-01
3.314825439453125000e+01 4.619576792308622970e+01 4.570709228515625000e+01 5.924014591004677754e+01 3.751841735839843750e+01 5.053206949812960147e+01 7.155442690711611249e+02 1.101798622111189196e+01 6.509952699954443256e-01 4.815757658507109351e-01 8.822900643940980725e-01 2.321522353275670414e-01
3.203289794921875000e+01 4.142910098232223248e+01 5.447843933105468750e+01 6.179785865787018651e+01 3.863056945800781250e+01 4.631224213886794416e+01 4.430902450366754124e+02 9.167466134097587371e+00 6.280977355600183554e-01 4.546169924041916777e-01 9.258525774266141983e-01 2.068059720844904192e-01
3.051670837402343750e+01 4.192143343424459090e+01 5.213227844238281250e+01 6.225958230635291102e+01 3.768916320800781250e+01 4.778373556214419438e+01 5.598118385398880719e+02 1.046771684628700605e+01 6.377449870678818522e-01 4.724460226896672332e-01 9.088975562012315823e-01 2.233339432644496358e-01
4.144416809082031250e+01 4.781565293408384321e+01 5.748478698730468750e+01 6.132945669740291805e+01 4.614199829101562500e+01 5.160776637631720121e+01 6.279640921887428249e+02 1.159841656840720781e+01 6.029856817386864964e-01 4.243008609762585759e-01 9.026567886535624696e-01 1.801609518257858977e-01
5.117764282226562500e+01 4.798320379157554072e+01 7.856491088867187500e+01 6.127347110244176775e+01 6.707937622070312500e+01 5.737342517626608185e+01 6.088167133206468407e+02 1.127612294807249604e+01 5.103010977891515587e-01 2.799011796563091181e-01 9.069836331259999440e-01 7.849772301611372682e-02
3.215750122070312500e+01 4.450568246840798992e+01 5.404434204101562500e+01 6.553104522682151867e+01 4.011212158203125000e+01 5.152301698123373086e+01 6.867584794087894124e+02 1.153713792413193850e+01 6.426577798866565105e-01 4.818319634496193160e-01 9.007018799868609094e-01 2.322958352640758506e-01
3.410408020019531250e+01 4.219883113687822629e+01 5.512075805664062500e+01 6.125510236649071771e+01 4.087698364257812500e+01 4.781707721690655433e+01 4.868706064211397688e+02 1.001749524240205957e+01 6.168445325176870053e-01 4.437707487872924461e-01 9.191633184657994615e-01 1.970876711609994558e-01
3.254095458984375000e+01 4.139544229489437299e+01 4.934631347656250000e+01 5.413660784910329227e+01 3.925032043457031250e+01 4.621150618001055221e+01 7.305627030049732866e+02 1.247629842998612482e+01 5.801762035446068611e-01 3.917364735086791838e-01 8.548286988027975486e-01 1.536707465683637142e-01
3.689022827148437500e+01 4.268198240525642007e+01 6.186355590820312500e+01 6.569063100182565051e+01 4.413407897949218750e+01 4.880673826130097837e+01 5.466280284592235148e+02 1.054853293995866359e+01 6.011180995310055897e-01 4.162764200549031735e-01 9.181294931450070251e-01 1.734395668629155896e-01
2.636192321777343750e+01 3.728714176369282285e+01 4.429187011718750000e+01 5.639172806761538226e+01 3.079330444335937500e+01 4.131298866654528723e+01 3.559158933234957658e+02 7.730367850715892608e+00 6.812040598654864887e-01 5.347945129916080731e-01 9.274991034670732049e-01 2.861101586697869514e-01
3.425396728515625000e+01 4.616766633084706228e+01 4.963653564453125000e+01 6.056303719253658358e+01 3.963616943359375000e+01 4.990898191904841497e+01 5.761054525734722347e+02 1.007091174976953596e+01 6.456015559671351989e-01 4.804144275862579083e-01 9.069414620892785051e-01 2.309471762387836913e-01
3.974293518066406250e+01 4.328434848823221159e+01 6.348715209960937500e+01 6.167061676074113308e+01 4.731784057617187500e+01 4.826073709999200645e+01 3.271596729089418432e+02 8.304419817776924617e+00 5.607170687240399243e-01 3.388296601923517781e-01 9.466856673771394393e-01 1.149763645248505356e-01
3.415805053710937500e+01 4.527616486886667957e+01 5.473445129394531250e+01 6.676585624537932517e+01 4.070176696777343750e+01 5.151317006351928285e+01 4.689880231680525640e+02 9.258352706756088679e+00 6.664455196719842878e-01 5.194411211027627484e-01 9.341003966042308315e-01 2.699117141228750683e-01
2.549327087402343750e+01 3.680042840303082841e+01 4.415744018554687500e+01 5.736070609060679004e+01 3.174533081054687500e+01 4.302601325876924676e+01 4.381230042827645548e+02 8.685779896761985697e+00 6.721252212378964197e-01 5.201790934824286339e-01 9.144828596095502249e-01 2.707076131745141945e-01
4.092486572265625000e+01 4.490403994438246826e+01 6.447247314453125000e+01 6.659699401733740842e+01 4.611962890625000000e+01 4.917723418184833406e+01 3.375600854555678438e+02 7.802303774570756190e+00 6.204283146889216782e-01 4.426809038538274121e-01 9.510980007007292514e-01 1.960901881951539194e-01
3.498435974121093750e+01 4.794468855393339624e+01 6.024272155761718750e+01 6.904329771714670017e+01 4.427680969238281250e+01 5.391553749750789137e+01 6.322507726051200052e+02 1.079370009236182604e+01 6.328512901318393835e-01 4.664484261151466971e-01 9.172346022517869901e-01 2.177065861925845947e-01
3.590502929687500000e+01 4.449261325903753317e+01 5.794529724121093750e+01 6.658743422483154006e+01 4.234979248046875000e+01 5.041344465088914717e+01 5.270114241631295044e+02 1.012771285202779481e+01 6.265210944638558432e-01 4.543416681313863226e-01 9.244940439057071080e-01 2.065721190975338406e-01
3.846765136718750000e+01 4.534827309293340392e+01 6.407307434082031250e+01 6.696116868513271925e+01 4.555027770996093750e+01 5.057658672247101350e+01 6.632397261296318902e+02 1.238990225301238191e+01 5.959136347545563872e-01 4.202796911797537227e-01 9.058770853643320908e-01 1.767661191561991085e-01
5.021507263183593750e+01 5.125834350422587704e+01 7.256057739257812500e+01 6.361171975120370803e+01 5.696296691894531250e+01 5.387520408088457913e+01 1.168032992415952776e+03 1.755803483294597811e+01 4.920055042639869258e-01 2.579316494232270496e-01 8.303644041083066973e-01 6.683713313931101407e-02
4.097885131835937500e+01 4.660063138999466048e+01 7.006933593750000000e+01 7.099063703427147232e+01 5.051217651367187500e+01 5.413911522222186079e+01 6.398355920702065305e+02 1.201420686913789915e+01 5.859681956674304137e-01 4.020170836692712468e-01 9.190890742851109962e-01 1.617778140088593497e-01
3.209571838378906250e+01 4.570075724345050361e+01 5.473927307128906250e+01 6.095581730394793141e+01 4.217964172363281250e+01 5.131799897708661717e+01 5.913913958551370342e+02 1.004913009894631948e+01 6.069021755742789459e-01 4.129007569933387800e-01 9.046347526489048052e-01 1.706541396118638754e-01
4.874679565429687500e+01 4.835994173850806988e+01 7.198284912109375000e+01 6.804762515758788766e+01 5.395161437988281250e+01 5.268229569139109003e+01 5.302469648148039596e+02 1.117396120678922600e+01 5.756335828397427523e-01 3.898094834198580494e-01 9.289207728175716827e-01 1.520797571774525903e-01
3.593942260742187500e+01 4.022391124321171674e+01 6.254624938964843750e+01 6.023173224713075768e+01 4.484216308593750000e+01 4.584364371215912826e+01 4.796605698646080782e+02 1.061412568157257041e+01 5.732280630195767390e-01 3.887654677570885342e-01 9.158555517186042216e-01 1.512048309260167200e-01
4.364234924316406250e+01 5.171926247502518947e+01 6.876362609863281250e+01 7.591999293150369965e+01 5.082237243652343750e+01 5.797088197803271470e+01 6.058094686265102382e+02 1.084980295892445845e+01 6.319405416620007543e-01 4.636443595909453541e-01 9.337530028114617853e-01 2.151143657370255813e-01
6.292723083496093750e+01 5.760287719055416034e+01 8.462719726562500000e+01 7.348484611603548444e+01 6.474183654785156250e+01 5.870908325370422176e+01 8.494030426620249727e+02 1.415023496351455634e+01 5.259329833913207741e-01 3.118699685482160255e-01 9.053982983758757097e-01 9.746326836068722188e-02
2.413548278808593750e+01 3.580317927225243579e+01 5.066015625000000000e+01 5.758349663821230280e+01 3.337646484375000000e+01 4.238306413004490025e+01 5.685666849123147131e+02 1.064421489966995438e+01 6.112523351687958462e-01 4.376961780572926064e-01 8.872720850557838101e-01 1.916967086036213130e-01
4.033018493652343750e+01 4.453065482883494752e+01 6.007792663574218750e+01 6.249421934066391771e+01 4.726826477050781250e+01 5.077306914828506734e+01 3.747364718376167616e+02 8.231984058609166155e+00 6.190014881071468356e-01 4.401672453570732446e-01 9.419946330074109309e-01 1.938700193912377689e-01
3.239894104003906250e+01 4.272245547008331812e+01 5.108059692382812500e+01 6.074075464134061519e+01 3.817121887207031250e+01 4.763616343993875546e+01 4.445942150602784864e+02 9.123848708063951207e+00 6.457157654232059674e-01 4.868283393956063243e-01 9.255681115438947337e-01 2.371187299069127952e-01
3.527441406250000000e+01 4.206889703861213547e+01 6.433300781250000000e+01 6.944772089904897427e+01 4.416931152343750000e+01 4.963818634939485719e+01 2.916211844697569973e+02 6.621193083413391633e+00 6.282655885423615860e-01 4.412652991019990756e-01 9.597587888865850569e-01 1.948443690484607249e-01
4.621290588378906250e+01 4.263082216372510658e+01 7.616505432128906250e+01 5.673981422835030486e+01 5.898162841796875000e+01 4.984145332321018174e+01 5.190200624502572282e+02 1.102199237932397580e+01 4.921630292983129595e-01 2.564481678817632782e-01 9.031657189149917553e-01 6.589899010028220372e-02
4.174485778808593750e+01 4.869888000564529307e+01 6.478379821777343750e+01 6.713618107731335272e+01 4.764759826660156250e+01 5.240425902696992466e+01 7.578268471939254596e+02 1.337702775144177814e+01 5.842441880694284606e-01 4.036460673448261649e-01 8.961794175653876593e-01 1.630737314788649472e-01
3.776748657226562500e+01 4.470402730603776575e+01 6.440505981445312500e+01 6.801238062654529415e+01 4.693969726562500000e+01 5.205044070649530141e+01 5.817702795983913120e+02 1.116661652579488617e+01 6.100822660859593904e-01 4.404207722599016162e-01 9.201589806781682590e-01 1.940830580424403595e-01
3.517478942871093750e+01 4.594020320276004554e+01 5.667993164062500000e+01 6.289678010520688645e+01 4.166595458984375000e+01 5.040337488256739107e+01 8.175840596695836666e+02 1.353539447121778494e+01 5.976276913746325636e-01 4.235319864761060704e-01 8.743924249480597988e-01 1.795167079794220688e-01
3.815808105468750000e+01 4.098468034316384490e+01 6.513417053222656250e+01 6.164132050147646424e+01 4.442095947265625000e+01 4.502785233058749270e+01 4.907768340972519354e+02 1.055483280328365936e+01 5.756631724545029360e-01 3.899991152937667405e-01 9.157719465517881741e-01 1.522285698953456390e-01
3.846536254882812500e+01 4.428940932957450372e+01 6.023030090332031250e+01 6.366677570987697976e+01 4.521325683593750000e+01 4.975899704478361940e+01 4.844812473951340053e+02 1.016434838204887825e+01 6.078351916680995171e-01 4.379846707036157416e-01 9.259539370045299922e-01 1.919382192213349714e-01
2.714248657226562500e+01 4.075625870467153788e+01 4.990170288085937500e+01 5.629429337492938856e+01 3.608790588378906250e+01 4.562697224142593910e+01 5.481708512121501826e+02 1.013983872674024944e+01 5.901425290059534312e-01 3.966784040134226919e-01 8.948913515503083005e-01 1.574823805654675390e-01
4.145063781738281250e+01 4.617007688594664216e+01 6.178146362304687500e+01 6.055428156840778087e+01 4.630731201171875000e+01 4.846872681939839111e+01 7.715530361234509655e+02 1.358408096101899609e+01 5.478964328800245420e-01 3.409733425507377458e-01 8.726278223905601372e-01 1.165028023013053582e-01
3.517868041992187500e+01 4.409942346525284051e+01 6.187368774414062500e+01 6.282425097869717234e+01 4.419514465332031250e+01 4.936457584022746659e+01 6.504422845022054389e+02 1.231260403120366931e+01 5.673324828810318854e-01 3.747806793525382818e-01 8.977210506589712313e-01 1.406003867774822114e-01
3.881256103515625000e+01 4.543151387863252921e+01 6.249676513671875000e+01 6.213384582226152020e+01 4.712915039062500000e+01 5.027911032835581295e+01 8.359340674440111343e+02 1.411850483711256032e+01 5.470334024834635489e-01 3.373957553809803778e-01 8.688888532976275503e-01 1.140804273028616644e-01
3.488096618652343750e+01 4.313950348018251191e+01 5.805770874023437500e+01 5.905099581887930071e+01 4.182719421386718750e+01 4.642590992016378237e+01 5.613478093074447770e+02 1.102191387761202179e+01 5.696512435508432892e-01 3.738857320213254676e-01 9.008320997129914964e-01 1.399186287484099900e-01
3.360615539550781250e+01 4.837239599617648622e+01 5.592726135253906250e+01 6.653575266022620838e+01 4.102986145019531250e+01 5.287845083549220249e+01 5.603922198802191588e+02 1.010403400272354801e+01 6.449119760232009391e-01 4.833439013423127539e-01 9.224311830843764382e-01 2.337328649484417820e-01
3.824797058105468750e+01 4.521317157917765428e+01 6.255375671386718750e+01 6.729110002038899552e+01 4.472734069824218750e+01 5.061004867755436720e+01 5.827524982647263414e+02 1.100071271482064894e+01 6.093616101390911810e-01 4.318969302512137287e-01 9.179409976424631745e-01 1.866565986954774603e-01
5.216621398925781250e+01 5.107256262716100537e+01 7.690296936035156250e+01 6.483245854039381584e+01 6.892755126953125000e+01 6.234284685835343964e+01 5.925202654355057348e+02 1.053183934267866562e+01 5.429619869019942646e-01 3.279298817480915673e-01 9.216699999253932241e-01 1.076430066010944098e-01
4.522975158691406250e+01 4.837735013241513826e+01 7.260726928710937500e+01 7.008088522044018021e+01 5.310885620117187500e+01 5.359174721508664874e+01 3.481490550188453881e+02 7.954616254684529153e+00 5.874321736062562138e-01 3.893436598613212452e-01 9.552996736373666753e-01 1.517420684928751928e-01
5.210221862792968750e+01 5.308134008982805341e+01 7.204199218750000000e+01 6.723126009942532733e+01 5.804701232910156250e+01 5.703690497368045698e+01 1.062704916398843125e+03 1.641887304096570688e+01 5.265492035811304428e-01 3.122560104637256417e-01 8.622235306313621450e-01 9.770438423662636263e-02
2.996102905273437500e+01 4.260793402994828938e+01 5.452783203125000000e+01 6.303583624348252812e+01 3.732099914550781250e+01 4.702206554530772564e+01 5.328240793515724363e+02 1.010487781443627497e+01 6.232846817426678232e-01 4.492683236492402976e-01 9.139535917430460232e-01 2.019650263050106198e-01
3.352571105957031250e+01 4.298391931755929107e+01 5.524609375000000000e+01 6.547130497792674930e+01 4.000643920898437500e+01 4.922262777424049318e+01 5.308105516197098268e+02 9.914498455749736650e+00 6.475715359569331753e-01 4.882661262557767001e-01 9.208957537221519329e-01 2.385249651503623947e-01
5.961862182617187500e+01 4.546071191734988304e+01 8.564408874511718750e+01 4.617575487511867749e+01 7.780415344238281250e+01 5.166918905987746768e+01 5.762474847051352072e+02 1.171793643898891446e+01 4.040148692847743694e-01 1.292299542908348642e-01 8.637632474107550529e-01 1.704404741258668324e-02
3.607083129882812500e+01 4.872404238079136718e+01 5.674169921875000000e+01 6.460952467065008875e+01 4.073268127441406250e+01 5.003975894861479645e+01 5.851884623589314742e+02 1.059902623253705656e+01 6.156780023772030486e-01 4.403725191251636195e-01 9.136679627984488627e-01 1.940488133505483825e-01
3.880606079101562500e+01 4.663776998574626020e+01 5.735641479492187500e+01 6.201815442284174651e+01 4.491532897949218750e+01 5.074888258740327984e+01 7.391813602061165511e+02 1.241552067766138912e+01 5.899530301607498473e-01 4.015155505006362535e-01 8.852446191102865125e-01 1.614075007927254224e-01
3.574125671386718750e+01 4.505666792761122252e+01 6.142027282714843750e+01 6.312636516951858567e+01 4.324034118652343750e+01 4.857402216265806061e+01 5.346251110525276999e+02 1.053579145929976946e+01 5.795903449731740764e-01 3.891855770809337089e-01 9.159653932992428693e-01 1.516118728630975188e-01
3.598789978027343750e+01 4.409978846017453691e+01 6.202088928222656250e+01 6.392366272203880584e+01 4.563334655761718750e+01 5.046958365163129656e+01 7.174882053687882717e+02 1.285761787252140742e+01 5.748579625247363101e-01 3.871864250406318320e-01 8.909933501881066586e-01 1.500866773472922799e-01
4.023420715332031250e+01 4.838384789343602677e+01 6.106683349609375000e+01 6.806142672214359379e+01 4.619917297363281250e+01 5.322763511619784538e+01 4.866365936084242776e+02 9.692383493925834870e+00 6.214435600985837027e-01 4.424164836893189068e-01 9.351058414477887437e-01 1.958880630668579648e-01
3.797586059570312500e+01 4.920878461420408456e+01 5.366232299804687500e+01 6.338737980335004352e+01 4.315861511230468750e+01 5.225156618476422921e+01 5.799329548872766509e+02 9.994989321998872356e+00 6.212252384057250776e-01 4.321371528289709163e-01 9.148195158752054912e-01 1.869684387216893895e-01
4.693032836914062500e+01 5.279181245255709598e+01 6.376344299316406250e+01 6.634756410253608294e+01 5.084455871582031250e+01 5.527550453285491727e+01 8.496600298287005444e+02 1.331521761566999018e+01 5.839805158736057766e-01 3.988047767478467009e-01 8.872189007589917908e-01 1.591656831992370458e-01
