4.271513366699218750e+01 4.902872712224928620e+01 5.835588073730468750e+01 6.159414845126887883e+01 3.607621765136718750e+01 4.479065111788347053e+01 1.299633220039656180e+03 2.076280308325758028e+01 4.124827545991304190e-01 3.729897820072649584e-01 7.912196448560129269e-01
5.061181640625000000e+01 5.244508012174315326e+01 6.312106323242187500e+01 6.394053814027815008e+01 4.314239501953125000e+01 4.620319718856609370e+01 9.160359214243105725e+02 1.646615927476262442e+01 4.400775836493153736e-01 3.963693603651855524e-01 8.655560732496816456e-01
3.895585632324218750e+01 4.822164784352544586e+01 5.333174133300781250e+01 6.317402840216928439e+01 3.366265869140625000e+01 4.424505588619779672e+01 7.786171732635420994e+02 1.386283752609426045e+01 5.181823361301891584e-01 4.767128390221941903e-01 8.782437988031221998e-01
4.723423767089843750e+01 5.076685060533527150e+01 5.875621032714843750e+01 6.076106519010212992e+01 4.113751220703125000e+01 4.592060015787809846e+01 1.110894252907052532e+03 1.827488063250397587e+01 4.301528591118832234e-01 3.779099520767546516e-01 8.229366100963042552e-01
4.755511474609375000e+01 4.924074919525570948e+01 6.539006042480468750e+01 6.503409349981393461e+01 4.289242553710937500e+01 4.563768077471399209e+01 8.268195058911601336e+02 1.575835498007279334e+01 4.332032640802507828e-01 3.819847213527829966e-01 8.766502290939254260e-01
4.253488159179687500e+01 4.998415005442451076e+01 5.749539184570312500e+01 6.600714334016414853e+01 3.786225891113281250e+01 4.557129082852689805e+01 7.276963779568893642e+02 1.289866782461952965e+01 5.151184152607864997e-01 4.639079615946097856e-01 8.954357420392204947e-01
5.594772338867187500e+01 6.008623448045877780e+01 7.071878051757812500e+01 7.287512386304312884e+01 4.739775085449218750e+01 5.316260830298948292e+01 1.683725140428926579e+03 2.265365015087523304e+01 4.228889516657727832e-01 3.707380324352916867e-01 8.098905551267198133e-01
4.837280273437500000e+01 5.047553252418202874e+01 6.517674255371093750e+01 6.409183538883979736e+01 4.199967956542968750e+01 4.595765710788099057e+01 1.239383405717068854e+03 2.051000655430971875e+01 4.040644713703209212e-01 3.591327771125121249e-01 8.141147847862961751e-01
9.933442687988281250e+01 5.918950611696316599e+01 9.538014221191406250e+01 4.880986416618245727e+01 7.314753723144531250e+01 5.303600606367560744e+01 1.218981779126638457e+03 1.992822095602844001e+01 1.746949597118777620e-01 9.367592120751025431e-02 7.618236003368592524e-01
3.407800292968750000e+01 4.443977639833458682e+01 5.000239562988281250e+01 6.119859537543322148e+01 2.818147277832031250e+01 3.921300473516689067e+01 7.138587853140888910e+02 1.346882633579996735e+01 5.231182894675056039e-01 4.755524906762974013e-01 8.760463581011589396e-01
4.322833251953125000e+01 4.843717698231786528e+01 5.755247497558593750e+01 6.056032027359671588e+01 3.560467529296875000e+01 4.313950127132336831e+01 1.350858517004000987e+03 2.066925027838997053e+01 4.317841123728708985e-01 3.803975552957080675e-01 7.737804048202482354e-01
3.958985900878906250e+01 5.288068228708478102e+01 5.345727539062500000e+01 6.701986950520324626e+01 3.200723266601562500e+01 4.714565005930784736e+01 9.124121480361111480e+02 1.423771147666000836e+01 5.419944678333952215e-01 4.975596655013451164e-01 8.755455303223167451e-01
3.692065429687500000e+01 5.114175362919383616e+01 4.544944763183593750e+01 6.005480622203585028e+01 3.153715515136718750e+01 4.613545377824743099e+01 1.463526268652174394e+03 1.892187467195553552e+01 4.985283400789585206e-01 4.333740481225679675e-01 7.665598084428258963e-01
5.205969238281250000e+01 5.114121076756551787e+01 7.072460937500000000e+01 6.665846745933407647e+01 4.708576965332031250e+01 4.742401548800985722e+01 8.667570405610690614e+02 1.648625790276445002e+01 4.092644070533232314e-01 3.588877476803378208e-01 8.776515387778971444e-01
4.915542602539062500e+01 5.239939975984493259e+01 6.593597412109375000e+01 6.511260544431759456e+01 4.086012268066406250e+01 4.849093712274068224e+01 1.314615107563204219e+03 2.091474652748579999e+01 3.934875047600314701e-01 3.458426132681760579e-01 8.113515461857108146e-01
3.896780395507812500e+01 4.863827248252771795e+01 5.209028625488281250e+01 6.202309317142574230e+01 3.265011596679687500e+01 4.295821233697580510e+01 9.996704289505616998e+02 1.671403287789613046e+01 5.105677757374882386e-01 4.745683759998911011e-01 8.399757896651749434e-01
5.020481872558593750e+01 5.583201221727620123e+01 6.337649536132812500e+01 6.556272230414474222e+01 4.295237731933593750e+01 5.053824072097392417e+01 1.826980289645409584e+03 2.454855565057801314e+01 4.056503941872257046e-01 3.550927673460314571e-01 7.508918540562327104e-01
6.080158996582031250e+01 5.433885616744491642e+01 8.044767761230468750e+01 6.951184755916396796e+01 5.289018249511718750e+01 4.828136039938223689e+01 1.012326456581915750e+03 1.814558943787928769e+01 3.719033966794025314e-01 3.214858571502121620e-01 8.689611967696760919e-01
6.093530273437500000e+01 5.238016190447315523e+01 8.269970703125000000e+01 6.795642469003537656e+01 5.035299682617187500e+01 4.614299074243810139e+01 1.021949746637486783e+03 1.851398185469669500e+01 3.480877542972891092e-01 2.981242035028562887e-01 8.587539082804200863e-01
4.425975036621093750e+01 4.803362832978184116e+01 6.177821350097656250e+01 6.479237155672834092e+01 3.894132995605468750e+01 4.306813318775370192e+01 7.612286785652046319e+02 1.424112175137925362e+01 4.509169043927974130e-01 3.859528542580572541e-01 8.834333111543131167e-01
3.853341674804687500e+01 4.913360144829538712e+01 5.228561401367187500e+01 6.397827517342464176e+01 3.204354858398437500e+01 4.278741704209444663e+01 8.167639485223660358e+02 1.442382821838139861e+01 5.377987904440126865e-01 4.978625692758369414e-01 8.752295463258006336e-01
4.149128723144531250e+01 4.539632719955170614e+01 5.687464904785156250e+01 5.852326114773795496e+01 3.390386962890625000e+01 3.965317212699386573e+01 8.489167247885828829e+02 1.553123680832746345e+01 4.400978412993947764e-01 3.901514058515090921e-01 8.443304417423407315e-01
4.102703857421875000e+01 5.005665675626692490e+01 5.173985290527343750e+01 6.118216180970424034e+01 3.572554016113281250e+01 4.702170082713652732e+01 1.279649414228072828e+03 1.768478692929633311e+01 4.791540877237369100e-01 4.117792729917901795e-01 7.980133875790165199e-01
2.442994689941406250e+01 3.721488790618263920e+01 3.387948608398437500e+01 4.822029364356699688e+01 1.849209594726562500e+01 3.071957999381914561e+01 5.985646387211322690e+02 1.028654023114212279e+01 6.086234823573053454e-01 5.554306644393699477e-01 8.361254382644831562e-01
4.747695922851562500e+01 5.738967757080921928e+01 6.479853820800781250e+01 7.455915021509925111e+01 3.814099121093750000e+01 5.073214772110882365e+01 9.753491144247985858e+02 1.537262389822928554e+01 5.040612261683456996e-01 4.584132416246049502e-01 8.901902297586155033e-01
4.373588562011718750e+01 4.677087318964108675e+01 5.938180541992187500e+01 6.194053954576862964e+01 3.394245910644531250e+01 3.765203352894641142e+01 6.715661670434195685e+02 1.135678140029411409e+01 4.881340040358764787e-01 4.219257512890768336e-01 8.863958424860585161e-01
4.034004211425781250e+01 4.810536790766109050e+01 5.503875732421875000e+01 6.048702732146934125e+01 3.437791442871093750e+01 4.367508848749623951e+01 9.261641660296130567e+02 1.651799159134891326e+01 4.585465821343722714e-01 4.132416295302899778e-01 8.453930934349463966e-01
3.569763183593750000e+01 4.588350626026250723e+01 4.925671386718750000e+01 5.817763533788539831e+01 3.034446716308593750e+01 4.134654352648384190e+01 8.288555687478144591e+02 1.513198854310543595e+01 4.979362880040765771e-01 4.547425682596067942e-01 8.496667715885852790e-01
4.509385681152343750e+01 4.900039605533402920e+01 6.111508178710937500e+01 6.312738311235399635e+01 3.670321655273437500e+01 4.381636003140648228e+01 1.149473174083947924e+03 1.881573383696051494e+01 4.148684578378402099e-01 3.627603168398395028e-01 8.201441130734162810e-01
5.603166198730468750e+01 5.730975758573021039e+01 7.433949279785156250e+01 7.258534002173490762e+01 4.839656066894531250e+01 5.139610919175579795e+01 1.191311198553687746e+03 1.953110246269366712e+01 4.179375031960837483e-01 3.708739844832100729e-01 8.604766810913417885e-01
4.961688232421875000e+01 5.391469089844278528e+01 6.335130310058593750e+01 6.571870367348340380e+01 4.249760437011718750e+01 4.948828319616994520e+01 1.302981741549136132e+03 1.969112239452274338e+01 4.336961655103265256e-01 3.885719087478187173e-01 8.202336904229149406e-01
4.178195190429687500e+01 5.041410640106014540e+01 5.701359558105468750e+01 6.442668620691671322e+01 3.467724609375000000e+01 4.542904212604772596e+01 9.958706027329778863e+02 1.650462905718615048e+01 4.824398159157729515e-01 4.385375256942070088e-01 8.518565454567827988e-01
4.425593566894531250e+01 5.277692903868744878e+01 5.762426757812500000e+01 6.499359920558316617e+01 3.741384887695312500e+01 4.679097312382616991e+01 1.337212387508806842e+03 2.018531967802064742e+01 4.734763408657458594e-01 4.323607888708611569e-01 8.095979913992310539e-01
4.061984252929687500e+01 4.895670052149925766e+01 5.382225036621093750e+01 6.060277187875961147e+01 3.467985534667968750e+01 4.524436014256937710e+01 1.079118796390261650e+03 1.735538532005147161e+01 4.614590035051450156e-01 4.154975655785803634e-01 8.237494562768151729e-01
4.725323486328125000e+01 5.309261554790176518e+01 5.824041748046875000e+01 6.293772328792571358e+01 4.270825195312500000e+01 4.937322759646151127e+01 1.223920596158304534e+03 1.870028065474590306e+01 4.547049316054296852e-01 4.094327344082601128e-01 8.208908504811499585e-01
4.757298278808593750e+01 5.121231568203638318e+01 6.681129455566406250e+01 6.774340982849771819e+01 3.736621093750000000e+01 4.445167041939645713e+01 1.002357651747374348e+03 1.693003085563236709e+01 4.394068138146747238e-01 3.927595877909251243e-01 8.599078275930133186e-01
4.534640502929687500e+01 4.879987056168210557e+01 6.133103942871093750e+01 6.223068478130977610e+01 4.145526123046875000e+01 4.619792201433416068e+01 1.071823394904117549e+03 1.876118960786158141e+01 4.167628498131372150e-01 3.673233746537474809e-01 8.306039351075253929e-01
4.720159912109375000e+01 5.313643610715131871e+01 6.284707641601562500e+01 6.609926231536380214e+01 4.004589843750000000e+01 4.873448332309455822e+01 1.041942211008149570e+03 1.782801262727986824e+01 4.352726950856564692e-01 3.912108321828234869e-01 8.555754036681111341e-01
4.611795043945312500e+01 5.249338457016591519e+01 5.829638671875000000e+01 6.352273644944957454e+01 4.077908325195312500e+01 4.905489957291516134e+01 1.543034161398010838e+03 2.129925112574736801e+01 4.138936176865163352e-01 3.496470563043447277e-01 7.746912499077115433e-01
4.164234924316406250e+01 4.829376418396325477e+01 5.575392150878906250e+01 6.149650359003359767e+01 3.817465209960937500e+01 4.574016343262582751e+01 1.174054244336091870e+03 1.863011291927485757e+01 4.501030907611710541e-01 3.975469135037345003e-01 8.105307397057422980e-01
4.945071411132812500e+01 5.254078133901015235e+01 6.943067932128906250e+01 7.033552304016055245e+01 4.120396423339843750e+01 4.581324617328778004e+01 1.072383405693693931e+03 1.743410574425347903e+01 4.474777299894379112e-01 3.997906923606365792e-01 8.603722812053523628e-01
4.583787536621093750e+01 4.700526275807484211e+01 6.212229919433593750e+01 6.046151199867444603e+01 4.211837768554687500e+01 4.413676138129557103e+01 1.049303235362223404e+03 1.884151604611430741e+01 4.043307706164582793e-01 3.584473252631051876e-01 8.225649387981710525e-01
4.041645812988281250e+01 4.358032643074882628e+01 5.386546325683593750e+01 5.561146374393204894e+01 3.703454589843750000e+01 4.110686425353599560e+01 7.948272357517232649e+02 1.536633928527571591e+01 4.339973745003720129e-01 3.783066113607216341e-01 8.425847489776021604e-01
3.939756774902343750e+01 4.655126364860998223e+01 4.934260559082031250e+01 5.570841523527077754e+01 3.484545898437500000e+01 4.257586017639616216e+01 1.024138139321364633e+03 1.728691499937503551e+01 4.726483697965946362e-01 4.302120661604894591e-01 8.071001042257077707e-01
5.558412170410156250e+01 5.178514552999089915e+01 7.484873962402343750e+01 6.596157106034432616e+01 5.106231689453125000e+01 4.968987586107486720e+01 1.303267185379659622e+03 2.192980493935548481e+01 3.513911460409917531e-01 3.020283966073085136e-01 8.157119393087393089e-01
4.287052917480468750e+01 5.161144345570844649e+01 5.835716247558593750e+01 6.600948553389453366e+01 3.820913696289062500e+01 4.895300773268641592e+01 1.045756901372158154e+03 1.715161106353209419e+01 4.789114413631572198e-01 4.367328881333634172e-01 8.533985157483392481e-01
5.460739135742187500e+01 5.865750544163477542e+01 7.663252258300781250e+01 8.077936684078791529e+01 4.415461730957031250e+01 4.883179584057810985e+01 7.572443266661333610e+02 1.151484699928910871e+01 4.944914138849155205e-01 4.333267334218126043e-01 9.236251909220816181e-01
4.842263793945312500e+01 4.063993861726064694e+01 6.386614990234375000e+01 5.282215782090349165e+01 3.409133911132812500e+01 3.379812903199267282e+01 6.918831501632312211e+02 1.410782013964282378e+01 3.255703228129447346e-01 2.387240659815381694e-01 8.390973876662328745e-01
3.799668884277343750e+01 4.820288034933972199e+01 4.730972290039062500e+01 5.640137174366214623e+01 3.185835266113281250e+01 4.334731111870517850e+01 1.189052519626344747e+03 1.805081532018854062e+01 4.668451311949910476e-01 4.135783077505094107e-01 7.844525661802813632e-01
4.680017089843750000e+01 5.079998287862743211e+01 6.329457092285156250e+01 6.523533498408710329e+01 4.167971801757812500e+01 4.699737075288528843e+01 1.183617398223061173e+03 1.952243175627553740e+01 4.422894836516065853e-01 4.018643159711803303e-01 8.282025660348950602e-01
6.278944396972656250e+01 5.958618071661806681e+01 7.631248474121093750e+01 6.835839280823238084e+01 5.643130493164062500e+01 5.541497981610056911e+01 1.451806524336081566e+03 2.050335612978505395e+01 3.346062790801637155e-01 2.590863604232221395e-01 8.199574167815584236e-01
4.294509887695312500e+01 4.683016287667747690e+01 5.801620483398437500e+01 6.134808253971626613e+01 3.354806518554687500e+01 3.844288433187035992e+01 8.597279464148533634e+02 1.455535120100324775e+01 4.701349825294344198e-01 4.188554555726647921e-01 8.534579838296558751e-01
6.833065795898437500e+01 5.768760879748086268e+01 8.224394226074218750e+01 6.428868026348109765e+01 5.901664733886718750e+01 5.226940890955056318e+01 2.069389641672868038e+03 2.775531864722536568e+01 2.737347542035052372e-01 2.101402874483295768e-01 7.102380182277044929e-01
4.342826843261718750e+01 4.797417848805464757e+01 5.913247680664062500e+01 6.245190359305073002e+01 3.665968322753906250e+01 4.269653312581840510e+01 8.330815321454945206e+02 1.533597763410959125e+01 4.644845793027855274e-01 4.172096811605297551e-01 8.656755193954490668e-01
4.322994995117187500e+01 4.902763687414798710e+01 6.119795227050781250e+01 6.670474308715539280e+01 3.892706298828125000e+01 4.605054638418707214e+01 9.190501006659078485e+02 1.550737557287897417e+01 4.405150929687112193e-01 3.732459101749832087e-01 8.678025454752009704e-01
5.406076049804687500e+01 5.706757993807034524e+01 7.220889282226562500e+01 7.177608154260771300e+01 4.731166076660156250e+01 5.227896517453154246e+01 1.399277265583829603e+03 2.112109091402393091e+01 4.058206635911656424e-01 3.554038288189664829e-01 8.339294265122709771e-01
4.092530822753906250e+01 4.949553889719847888e+01 5.565452575683593750e+01 6.289634231553760912e+01 3.493223571777343750e+01 4.455710564813831098e+01 8.426389081123093092e+02 1.533818152870214391e+01 4.866242528552813251e-01 4.427383302776619622e-01 8.689763815287658844e-01
4.245588684082031250e+01 4.630888757763054286e+01 6.123799133300781250e+01 6.352634550819360726e+01 3.478146362304687500e+01 3.985778898692408490e+01 8.578713686718181179e+02 1.485603367262020491e+01 4.648069425198396165e-01 4.128103941443354019e-01 8.602800974238439258e-01
5.860838317871093750e+01 5.821868816598509966e+01 7.053599548339843750e+01 6.665791502131789059e+01 4.948039245605468750e+01 5.119478059693624061e+01 1.439354845698000190e+03 2.077519792550315714e+01 3.708453274513011655e-01 3.033984727395308556e-01 8.110458039154163634e-01
5.083377075195312500e+01 5.024661700477938098e+01 6.627540588378906250e+01 6.303991381847516351e+01 4.401428222656250000e+01 4.534090075604549241e+01 1.054000449035362180e+03 1.864822206615813016e+01 3.812610855587656999e-01 3.250322321282679838e-01 8.372615730665360356e-01
4.289154052734375000e+01 4.572575412502845182e+01 6.028277587890625000e+01 5.958589032964538745e+01 3.441743469238281250e+01 4.082592202020740757e+01 1.025261847428408828e+03 1.807393714230592963e+01 4.030996210857035189e-01 3.521516862654553992e-01 8.173437509940940648e-01
5.558410644531250000e+01 6.262952891349390683e+01 7.283680725097656250e+01 7.814537641046155159e+01 4.529643249511718750e+01 5.528766107378061889e+01 1.454526962195147462e+03 1.985012001329405606e+01 4.604839173168427946e-01 4.127558996636038202e-01 8.545101623406583524e-01
4.132614135742187500e+01 4.474139885183828369e+01 5.319989013671875000e+01 5.585920774658212906e+01 3.441795349121093750e+01 3.868054291193690375e+01 6.385137067183405861e+02 1.299927291706308097e+01 4.648863599417323300e-01 4.125627269770156813e-01 8.748552775570341833e-01
4.077423095703125000e+01 4.477250054931985090e+01 5.745799255371093750e+01 5.991714763395617638e+01 3.616064453125000000e+01 4.161813137157798081e+01 8.400112434623481477e+02 1.539226033236050384e+01 4.484111779428153755e-01 3.952089770850701900e-01 8.513753556138161649e-01
4.274655151367187500e+01 5.068170173802418077e+01 5.612841796875000000e+01 6.194999662488569214e+01 3.620570373535156250e+01 4.648511618171308868e+01 1.241346502144151827e+03 1.898328848877111952e+01 4.538386596554112029e-01 4.087941629112249453e-01 8.071679256044560491e-01
4.447183227539062500e+01 4.838255704495367837e+01 5.946711730957031250e+01 6.059841067024711947e+01 3.552757263183593750e+01 4.194430521820876123e+01 9.121459958654680804e+02 1.675538259376005712e+01 4.103831735083025567e-01 3.552938133199651238e-01 8.471877453057092833e-01
4.527067565917968750e+01 4.812622694707284410e+01 6.326914978027343750e+01 6.298701724349783149e+01 3.885111999511718750e+01 4.395991500058210733e+01 8.624998009625223858e+02 1.656875429018807466e+01 4.157429268805922229e-01 3.683047537274181660e-01 8.631385777707092366e-01
4.557322692871093750e+01 5.071980726740483902e+01 6.294711303710937500e+01 6.678853505750339536e+01 4.126905822753906250e+01 4.749406101985277218e+01 1.028567344529553338e+03 1.753899619936895249e+01 4.473856456883082977e-01 3.973648478802139228e-01 8.554423656012232202e-01
4.039302062988281250e+01 4.863529266511511651e+01 5.387590026855468750e+01 6.323500766272815099e+01 3.134033203125000000e+01 3.942533698739229209e+01 6.356810932280452562e+02 1.229210337006173503e+01 5.403607932568026406e-01 5.012591699464650219e-01 8.992145189630501578e-01
4.247048950195312500e+01 5.064430557079139561e+01 5.379454040527343750e+01 6.243502023551395297e+01 3.712274169921875000e+01 4.563664313020867525e+01 1.155913505784510107e+03 1.747260568675129377e+01 4.778463519674212012e-01 4.172044846102807569e-01 8.207114878301972061e-01
4.736830139160156250e+01 4.954720072137478581e+01 6.329153442382812500e+01 6.332593618313698869e+01 4.354580688476562500e+01 4.689536642317322901e+01 9.562309446027149988e+02 1.737029833248088551e+01 4.230434317485772810e-01 3.717432206478830659e-01 8.538346625386497024e-01
5.361727905273437500e+01 5.908095887368735788e+01 7.600854492187500000e+01 8.088856180052985678e+01 4.595324707031250000e+01 5.355481752996150391e+01 1.066542620474134310e+03 1.575189291141036207e+01 4.795354372254735931e-01 4.305127472399913335e-01 8.944116094273321105e-01
4.405886840820312500e+01 4.725455560037604386e+01 6.125929260253906250e+01 6.222841123970270161e+01 3.914439392089843750e+01 4.319702054104133282e+01 1.030136276355723339e+03 1.746256316303536948e+01 4.281322422584278864e-01 3.720326877265878185e-01 8.319979417106433406e-01
4.526130676269531250e+01 4.976960285712598875e+01 6.095347595214843750e+01 6.098487105422357502e+01 3.466600036621093750e+01 4.406015412396155284e+01 1.542013030144772529e+03 2.271121407770086265e+01 3.840664374628098843e-01 3.299124549238130477e-01 7.477547335187466615e-01
3.571510314941406250e+01 4.455441449504684215e+01 4.922468566894531250e+01 5.734091903023534798e+01 2.821701049804687500e+01 3.918059291324700411e+01 9.544643282103397723e+02 1.631533175290761406e+01 4.801866732329957976e-01 4.342832391216182586e-01 8.188257640790115310e-01
4.286151123046875000e+01 4.875980455854264761e+01 5.672338867187500000e+01 6.238325272693219858e+01 3.832968139648437500e+01 4.446748877253364896e+01 8.762574224174660458e+02 1.586811710499523365e+01 4.705355326500512136e-01 4.261874927202711771e-01 8.616044820267620974e-01
4.654661560058593750e+01 5.483725694811150930e+01 6.032208251953125000e+01 6.861302333273491172e+01 3.867723083496093750e+01 4.792068150028588747e+01 1.235537716520996810e+03 1.882455956579225997e+01 4.803465854695637693e-01 4.359364945580886386e-01 8.399610261938625921e-01
4.378855895996093750e+01 5.124003914573361840e+01 6.090112304687500000e+01 6.515446116555582989e+01 3.280221557617187500e+01 4.455491221639599786e+01 1.167367561462659069e+03 1.802362372323227646e+01 4.524588794444256434e-01 4.039597398821005436e-01 8.280803369915386014e-01
4.937689208984375000e+01 5.492114663865427815e+01 6.727932739257812500e+01 7.133013121758786212e+01 4.339414978027343750e+01 5.018469636596663719e+01 1.147473798448640991e+03 1.825494429978187227e+01 4.569793921605008191e-01 4.101724575179074850e-01 8.594829200624092280e-01
3.512329101562500000e+01 3.976406281631003736e+01 4.589173889160156250e+01 4.454962937727457017e+01 2.444877624511718750e+01 3.373821274059534403e+01 8.794880835494805069e+02 1.533005225960460294e+01 3.989128769825797116e-01 3.220371309892161582e-01 7.350817017695505662e-01
4.027418518066406250e+01 4.422251187731915678e+01 5.687500000000000000e+01 6.028336989816757807e+01 3.526702880859375000e+01 3.997149615285137259e+01 7.305723697441881086e+02 1.383502378232676477e+01 4.703234401535743570e-01 4.184201468313726857e-01 8.700773970577457828e-01
3.662034606933593750e+01 4.303036009743133405e+01 4.691728210449218750e+01 5.365949533503007274e+01 3.050390625000000000e+01 3.721065886187142269e+01 6.409013815839132349e+02 1.293548791705058321e+01 5.103012228889081126e-01 4.653720106580820914e-01 8.645810830577325135e-01
5.136941528320312500e+01 5.516940884883030094e+01 7.312358093261718750e+01 7.103246415347709330e+01 4.360136413574218750e+01 5.150852120103861864e+01 1.650705194972185836e+03 2.355139976346083941e+01 3.924430820693472488e-01 3.483702710409932735e-01 7.960307856445250074e-01
4.516673278808593750e+01 4.868132951267573105e+01 6.334169006347656250e+01 6.449982653861073345e+01 3.739485168457031250e+01 4.365187332362541639e+01 8.736592675569238509e+02 1.616073572110726886e+01 4.292878009357674607e-01 3.804804665479945003e-01 8.662974130086118496e-01
5.191995239257812500e+01 5.387841787028239082e+01 6.811111450195312500e+01 6.789140476935013169e+01 4.463629150390625000e+01 4.824630527787393675e+01 1.158309584852417856e+03 1.957383346772926203e+01 4.155130386403821929e-01 3.713080583439821725e-01 8.459497660703327870e-01
5.349368286132812500e+01 6.186853651836155166e+01 7.351583862304687500e+01 8.305092828400707106e+01 4.402639770507812500e+01 5.259149978648665780e+01 1.052926585450459697e+03 1.533620303204498114e+01 5.085685716838647119e-01 4.637671097811202348e-01 9.019042541087964882e-01
5.249925231933593750e+01 5.039932912400677623e+01 7.059707641601562500e+01 6.229420469217020440e+01 4.546987915039062500e+01 4.692953021927245061e+01 1.697641656097209079e+03 2.555623779000040940e+01 3.109914958220365011e-01 2.533029036555486946e-01 7.334481329171346209e-01
3.739221191406250000e+01 3.946318493822773377e+01 5.489933776855468750e+01 5.628519961633352864e+01 3.336750793457031250e+01 3.617973844135180173e+01 6.336794503827029530e+02 1.306609434047800100e+01 4.497763945625460891e-01 3.896907675943617200e-01 8.666747456776034975e-01
4.175480651855468750e+01 5.047719051086860986e+01 5.474156188964843750e+01 6.304722276586205965e+01 3.551367187500000000e+01 4.503635713734938406e+01 1.156549005076252342e+03 1.841792109762717899e+01 4.878308469473450204e-01 4.478652848635416572e-01 8.236725579881809534e-01
5.390728759765625000e+01 5.807813980205877158e+01 7.070329284667968750e+01 7.174859442627041517e+01 4.480393981933593750e+01 5.276985522612528712e+01 1.901612074487350128e+03 2.419964235980503275e+01 3.816385333274171510e-01 3.088438537158473274e-01 7.751654086348475081e-01
5.132826232910156250e+01 4.728018711183995748e+01 7.020603942871093750e+01 6.097359093115600359e+01 4.426542663574218750e+01 4.288023018100349759e+01 1.047687968697370252e+03 1.935213518046893810e+01 3.520282434255529447e-01 2.992989295808956562e-01 8.230142933332640354e-01
5.100234985351562500e+01 5.574665824394194402e+01 6.574949645996093750e+01 6.752000599650757806e+01 4.658471679687500000e+01 5.369511267620565320e+01 1.632724895189006702e+03 2.281794702808318576e+01 3.984461817357764502e-01 3.456958494256378023e-01 7.895229075973964061e-01
5.018296813964843750e+01 5.866464630551423198e+01 6.803063964843750000e+01 7.802167781716376282e+01 4.279371643066406250e+01 5.079625413141561552e+01 9.033809967150189095e+02 1.357803432325507487e+01 5.164909100660945995e-01 4.677842643043070847e-01 9.055702317279998859e-01
5.451913452148437500e+01 5.106481285959748107e+01 6.989233398437500000e+01 6.058058213816536863e+01 5.262689208984375000e+01 5.101185930262507640e+01 1.474595757234539178e+03 2.314537744681160092e+01 3.160085848119127960e-01 2.557536164659682254e-01 7.632092790303076635e-01
3.425097656250000000e+01 4.511230221411942409e+01 4.760472106933593750e+01 5.767961915504196213e+01 2.998538208007812500e+01 4.321314340428056511e+01 1.053751205530420293e+03 1.677408225943089093e+01 4.950881759429164863e-01 4.499513084920941930e-01 8.070068993535641777e-01
4.260653686523437500e+01 5.179570401903990273e+01 5.333230590820312500e+01 6.242563044108538861e+01 3.906657409667968750e+01 4.896012478775380572e+01 1.290455395154105190e+03 1.803998096035253695e+01 4.916740889917090573e-01 4.422844407248529564e-01 8.067380749191521705e-01
4.823516845703125000e+01 5.366463509663165610e+01 5.865333557128906250e+01 6.214764729949745714e+01 3.954080200195312500e+01 4.814017663740975195e+01 1.460061280719521619e+03 2.101115009119385846e+01 4.026642052079315026e-01 3.395134913834813029e-01 7.789769717231086466e-01
3.751841735839843750e+01 5.053206949812960147e+01 4.570709228515625000e+01 5.924014591004677754e+01 3.314825439453125000e+01 4.619576792308622970e+01 1.348515037949201542e+03 1.842005298372782818e+01 5.119693034603542969e-01 4.571531231450379207e-01 7.798454552236673276e-01
3.863056945800781250e+01 4.631224213886794416e+01 5.447843933105468750e+01 6.179785865787018651e+01 3.203289794921875000e+01 4.142910098232223248e+01 8.095463809319024904e+02 1.466093285001019275e+01 4.856936487237693556e-01 4.356790927508170097e-01 8.651021716775688652e-01
3.768916320800781250e+01 4.778373556214419438e+01 5.213227844238281250e+01 6.225958230635291102e+01 3.051670837402343750e+01 4.192143343424459090e+01 9.687410139007465659e+02 1.638626094999530736e+01 4.982572478876005073e-01 4.523653674147818382e-01 8.431834712754711081e-01
4.614199829101562500e+01 5.160776637631720121e+01 5.748478698730468750e+01 6.132945669740291805e+01 4.144416809082031250e+01 4.781565293408384321e+01 1.116925607506592996e+03 1.831702199717285851e+01 4.505456560496568508e-01 4.034601311494729892e-01 8.271912604868993935e-01
6.707937622070312500e+01 5.737342517626608185e+01 7.856491088867187500e+01 6.127347110244176775e+01 5.117764282226562500e+01 4.798320379157554072e+01 1.150786915078169841e+03 1.830604715521580061e+01 3.319469663166189077e-01 2.652599158533818224e-01 8.230670033051343815e-01
4.011212158203125000e+01 5.152301698123373086e+01 5.404434204101562500e+01 6.553104522682151867e+01 3.215750122070312500e+01 4.450568246840798992e+01 1.258277471829364913e+03 1.861593358548567068e+01 5.045520961801168713e-01 4.611280010940876362e-01 8.191397305762766479e-01
4.087698364257812500e+01 4.781707721690655433e+01 5.512075805664062500e+01 6.125510236649071771e+01 3.410408020019531250e+01 4.219883113687822629e+01 8.856288259466283534e+02 1.595714634003025800e+01 4.705666788911821996e-01 4.231519026352754675e-01 8.533785367658492937e-01
3.925032043457031250e+01 4.621150618001055221e+01 4.934631347656250000e+01 5.413660784910329227e+01 3.254095458984375000e+01 4.139544229489437299e+01 1.273072018781512270e+03 1.983675465817611183e+01 4.179894732101203658e-01 3.676967031395841357e-01 7.477935013315990531e-01
4.413407897949218750e+01 4.880673826130097837e+01 6.186355590820312500e+01 6.569063100182565051e+01 3.689022827148437500e+01 4.268198240525642007e+01 1.012124261538685232e+03 1.685655275682330867e+01 4.474784746813766367e-01 3.951235258086234214e-01 8.486369872056778174e-01
3.079330444335937500e+01 4.131298866654528723e+01 4.429187011718750000e+01 5.639172806761538226e+01 2.636192321777343750e+01 3.728714176369282285e+01 6.512912698534132687e+02 1.236378046399657649e+01 5.573674991552299840e-01 5.155072527004896932e-01 8.682646707922588858e-01
3.963616943359375000e+01 4.990898191904841497e+01 4.963653564453125000e+01 6.056303719253658358e+01 3.425396728515625000e+01 4.616766633084706228e+01 1.044683870626657608e+03 1.632152423467966429e+01 5.062033186787591177e-01 4.586253291443599944e-01 8.322512868755964632e-01
4.731784057617187500e+01 4.826073709999200645e+01 6.348715209960937500e+01 6.167061676074113308e+01 3.974293518066406250e+01 4.328434848823221159e+01 6.800244771826123724e+02 1.416501808665875473e+01 3.881807679813762402e-01 3.159599275031556020e-01 8.890144942660268557e-01
4.070176696777343750e+01 5.151317006351928285e+01 5.473445129394531250e+01 6.676585624537932517e+01 3.415805053710937500e+01 4.527616486886667957e+01 8.568619130774879977e+02 1.464330642439543873e+01 5.396406417936845390e-01 5.020927149206886320e-01 8.803210012848035060e-01
3.174533081054687500e+01 4.302601325876924676e+01 4.415744018554687500e+01 5.736070609060679004e+01 2.549327087402343750e+01 3.680042840303082841e+01 8.153506829920145265e+02 1.404342836050257048e+01 5.457153596314379129e-01 5.012435879397435512e-01 8.420429437288018404e-01
4.611962890625000000e+01 4.917723418184833406e+01 6.447247314453125000e+01 6.659699401733740842e+01 4.092486572265625000e+01 4.490403994438246826e+01 7.111907595141849470e+02 1.309328378297766449e+01 4.735576173840480019e-01 4.214085158083852312e-01 8.970396703599858856e-01
4.427680969238281250e+01 5.391553749750789137e+01 6.024272155761718750e+01 6.904329771714670017e+01 3.498435974121093750e+01 4.794468855393339624e+01 1.205520285126583303e+03 1.766237126510475619e+01 4.919125145426402335e-01 4.463837221997598581e-01 8.428735999604726192e-01
4.234979248046875000e+01 5.041344465088914717e+01 5.794529724121093750e+01 6.658743422483154006e+01 3.590502929687500000e+01 4.449261325903753317e+01 1.016396961661371279e+03 1.658890316237231133e+01 4.833641779504178615e-01 4.345366443310132443e-01 8.550409084717944808e-01
4.555027770996093750e+01 5.057658672247101350e+01 6.407307434082031250e+01 6.696116868513271925e+01 3.846765136718750000e+01 4.534827309293340392e+01 1.153310046172555531e+03 1.918173465510091091e+01 4.424502849960472162e-01 3.994574992999848639e-01 8.365604346589154972e-01
5.696296691894531250e+01 5.387520408088457913e+01 7.256057739257812500e+01 6.361171975120370803e+01 5.021507263183593750e+01 5.125834350422587704e+01 2.002425768397447655e+03 2.740419057202088737e+01 3.008483826992844890e-01 2.346710105316370809e-01 7.079714187379131385e-01
5.051217651367187500e+01 5.413911522222186079e+01 7.006933593750000000e+01 7.099063703427147232e+01 4.097885131835937500e+01 4.660063138999466048e+01 1.190382565210927623e+03 1.921526132376961726e+01 4.288975297816927101e-01 3.807584813485979103e-01 8.495116784313636593e-01
4.217964172363281250e+01 5.131799897708661717e+01 5.473927307128906250e+01 6.095581730394793141e+01 3.209571838378906250e+01 4.570075724345050361e+01 1.138467912169958709e+03 1.678985050906397092e+01 4.553995330162849964e-01 3.928048626381590580e-01 8.167035246328986364e-01
5.395161437988281250e+01 5.268229569139109003e+01 7.198284912109375000e+01 6.804762515758788766e+01 4.874679565429687500e+01 4.835994173850806988e+01 9.482444587314985256e+02 1.727821275383633903e+01 4.168817190650808691e-01 3.704177565324133226e-01 8.726298149418378891e-01
4.484216308593750000e+01 4.584364371215912826e+01 6.254624938964843750e+01 6.023173224713075768e+01 3.593942260742187500e+01 4.022391124321171674e+01 7.953692723260173807e+02 1.619595854867802132e+01 4.167745644521019810e-01 3.753453036404271748e-01 8.606315707576466245e-01
5.082237243652343750e+01 5.797088197803271470e+01 6.876362609863281250e+01 7.591999293150369965e+01 4.364234924316406250e+01 5.171926247502518947e+01 1.167813206573973503e+03 1.747793670814627376e+01 4.909002536195204991e-01 4.432228580876228508e-01 8.726860188138981789e-01
6.474183654785156250e+01 5.870908325370422176e+01 8.462719726562500000e+01 7.348484611603548444e+01 6.292723083496093750e+01 5.760287719055416034e+01 1.574178039999179191e+03 2.252203678541536647e+01 3.476721371991345899e-01 2.901608277725569174e-01 8.236844209313431975e-01
3.337646484375000000e+01 4.238306413004490025e+01 5.066015625000000000e+01 5.758349663821230280e+01 2.413548278808593750e+01 3.580317927225243579e+01 1.008661547407009948e+03 1.687027627161995724e+01 4.617663320963206752e-01 4.167950329354771499e-01 8.009245861769211938e-01
4.726826477050781250e+01 5.077306914828506734e+01 6.007792663574218750e+01 6.249421934066391771e+01 4.033018493652343750e+01 4.453065482883494752e+01 7.389759713327898680e+02 1.351488368635472170e+01 4.715509606969642276e-01 4.193107592898832059e-01 8.857242412500616613e-01
3.817121887207031250e+01 4.763616343993875546e+01 5.108059692382812500e+01 6.074075464134061519e+01 3.239894104003906250e+01 4.272245547008331812e+01 8.230134292804955294e+02 1.458524095405655885e+01 5.101993266728490628e-01 4.674971129323852170e-01 8.629567361726160346e-01
4.416931152343750000e+01 4.963818634939485719e+01 6.433300781250000000e+01 6.944772089904897427e+01 3.527441406250000000e+01 4.206889703861213547e+01 6.745538159361769885e+02 1.212987814286047339e+01 4.807030045922018879e-01 4.204723167566201125e-01 9.071597644274040917e-01
5.898162841796875000e+01 4.984145332321018174e+01 7.616505432128906250e+01 5.673981422835030486e+01 4.621290588378906250e+01 4.263082216372510658e+01 1.058957794949956224e+03 1.854826754289815582e+01 3.022856160235911638e-01 2.389429135249031833e-01 7.990253159221115675e-01
4.764759826660156250e+01 5.240425902696992466e+01 6.478379821777343750e+01 6.713618107731335272e+01 4.174485778808593750e+01 4.869888000564529307e+01 1.283373093612880666e+03 2.051602345488420198e+01 4.264715585761826300e-01 3.822564928197341727e-01 8.243778797501526423e-01
4.693969726562500000e+01 5.205044070649530141e+01 6.440505981445312500e+01 6.801238062654529415e+01 3.776748657226562500e+01 4.470402730603776575e+01 1.002958483969299778e+03 1.730794467329816655e+01 4.632953440026695846e-01 4.219019706068004583e-01 8.625944393785445197e-01
4.166595458984375000e+01 5.040337488256739107e+01 5.667993164062500000e+01 6.289678010520688645e+01 3.517478942871093750e+01 4.594020320276004554e+01 1.462379862762531047e+03 2.160836237717094122e+01 4.443802030769982703e-01 4.028756218254576638e-01 7.761585008356282067e-01
4.442095947265625000e+01 4.502785233058749270e+01 6.513417053222656250e+01 6.164132050147646424e+01 3.815808105468750000e+01 4.098468034316384490e+01 9.618483449712682614e+02 1.728537306508919613e+01 4.131482965704069699e-01 3.674102682459710056e-01 8.344946340640190252e-01
4.521325683593750000e+01 4.975899704478361940e+01 6.023030090332031250e+01 6.366677570987697976e+01 3.846536254882812500e+01 4.428940932957450372e+01 8.735869356938878809e+02 1.606245432622444369e+01 4.577385024351449672e-01 4.172292283761965814e-01 8.667033796251863986e-01
3.608790588378906250e+01 4.562697224142593910e+01 4.990170288085937500e+01 5.629429337492938856e+01 2.714248657226562500e+01 4.075625870467153788e+01 1.008959431931138397e+03 1.649386039819382432e+01 4.314079665590526691e-01 3.751877300710166896e-01 8.074445410089586828e-01
4.630731201171875000e+01 4.846872681939839111e+01 6.178146362304687500e+01 6.055428156840778087e+01 4.145063781738281250e+01 4.617007688594664216e+01 1.312950119698118215e+03 2.104609380828878784e+01 3.756177858794487734e-01 3.168101571337444966e-01 7.830854266452960122e-01
4.419514465332031250e+01 4.936457584022746659e+01 6.187368774414062500e+01 6.282425097869717234e+01 3.517868041992187500e+01 4.409942346525284051e+01 1.172754694641684864e+03 1.968645493986239359e+01 4.018641025457811988e-01 3.530678453677241757e-01 8.157645097992860528e-01
4.712915039062500000e+01 5.027911032835581295e+01 6.249676513671875000e+01 6.213384582226152020e+01 3.881256103515625000e+01 4.543151387863252921e+01 1.411030313728785131e+03 2.174373098382127267e+01 3.753871576312548530e-01 3.139773927278761700e-01 7.787888136117185889e-01
4.182719421386718750e+01 4.642590992016378237e+01 5.805770874023437500e+01 5.905099581887930071e+01 3.488096618652343750e+01 4.313950348018251191e+01 1.053336727849341742e+03 1.794845122071907539e+01 4.051590673059201619e-01 3.531264712951556195e-01 8.142061342062055784e-01
4.102986145019531250e+01 5.287845083549220249e+01 5.592726135253906250e+01 6.653575266022620838e+01 3.360615539550781250e+01 4.837239599617648622e+01 1.040573069386664201e+03 1.623635050019923654e+01 5.091515292565187423e-01 4.647682549563348919e-01 8.568039964278668652e-01
4.472734069824218750e+01 5.061004867755436720e+01 6.255375671386718750e+01 6.729110002038899552e+01 3.824797058105468750e+01 4.521317157917765428e+01 1.076511715973855189e+03 1.756806733301272416e+01 4.579938167947903427e-01 4.102818030521601655e-01 8.487602854541136388e-01
6.892755126953125000e+01 6.234284685835343964e+01 7.690296936035156250e+01 6.483245854039381584e+01 5.216621398925781250e+01 5.107256262716100537e+01 1.187058189524470890e+03 1.771382293813034181e+01 3.745138202000501959e-01 3.137618562957659174e-01 8.417848846845450428e-01
5.310885620117187500e+01 5.359174721508664874e+01 7.260726928710937500e+01 7.008088522044018021e+01 4.522975158691406250e+01 4.837735013241513826e+01 8.042301927965655750e+02 1.415616092051308428e+01 4.286043166212476496e-01 3.690960950721773326e-01 8.965960052910572076e-01
5.804701232910156250e+01 5.703690497368045698e+01 7.204199218750000000e+01 6.723126009942532733e+01 5.210221862792968750e+01 5.308134008982805341e+01 1.882757025900794815e+03 2.586242927498915734e+01 3.491434048196701001e-01 2.919055789892703867e-01 7.555057651455839851e-01
3.732099914550781250e+01 4.702206554530772564e+01 5.452783203125000000e+01 6.303583624348252812e+01 2.996102905273437500e+01 4.260793402994828938e+01 9.785936357182996517e+02 1.621408451333915224e+01 4.780862805636846291e-01 4.287434743435121764e-01 8.427466131693837070e-01
4.000643920898437500e+01 4.922262777424049318e+01 5.524609375000000000e+01 6.547130497792674930e+01 3.352571105957031250e+01 4.298391931755929107e+01 1.006619561037202629e+03 1.609510213899509523e+01 5.112886415965675058e-01 4.679505016074441137e-01 8.507724245878118818e-01
7.780415344238281250e+01 5.166918905987746768e+01 8.564408874511718750e+01 4.617575487511867749e+01 5.961862182617187500e+01 4.546071191734988304e+01 1.049936715988679452e+03 1.839640101943913919e+01 1.908255898576314558e-01 1.118052578300955946e-01 7.474323547071048957e-01
4.073268127441406250e+01 5.003975894861479645e+01 5.674169921875000000e+01 6.460952467065008875e+01 3.607083129882812500e+01 4.872404238079136718e+01 1.092486543652571982e+03 1.723736523221043271e+01 4.677292813785089987e-01 4.204211699082007758e-01 8.395523974964704816e-01
4.491532897949218750e+01 5.074888258740327984e+01 5.735641479492187500e+01 6.201815442284174651e+01 3.880606079101562500e+01 4.663776998574626020e+01 1.326989555567383604e+03 1.996319681435115712e+01 4.310317695353657053e-01 3.784035141341253183e-01 7.945054237923057094e-01
4.324034118652343750e+01 4.857402216265806061e+01 6.142027282714843750e+01 6.312636516951858567e+01 3.574125671386718750e+01 4.505666792761122252e+01 1.016892967916397538e+03 1.736946071946591985e+01 4.176399536688095715e-01 3.673392329908275467e-01 8.403794248560638724e-01
4.563334655761718750e+01 5.046958365163129656e+01 6.202088928222656250e+01 6.392366272203880584e+01 3.598789978027343750e+01 4.409978846017453691e+01 1.227435636253740540e+03 1.995349297179725312e+01 4.134067708848383482e-01 3.649591110220320456e-01 8.137223611159769554e-01
4.619917297363281250e+01 5.322763511619784538e+01 6.106683349609375000e+01 6.806142672214359379e+01 4.023420715332031250e+01 4.838384789343602677e+01 9.136769235453657529e+02 1.572770825411942752e+01 4.747570118935033334e-01 4.212064771488310821e-01 8.785632947839930873e-01
4.315861511230468750e+01 5.225156618476422921e+01 5.366232299804687500e+01 6.338737980335004352e+01 3.797586059570312500e+01 4.920878461420408456e+01 1.135843633714828684e+03 1.718756636120445336e+01 4.689558474530653998e-01 4.071449561998135569e-01 8.340632092792169550e-01
5.084455871582031250e+01 5.527550453285491727e+01 6.376344299316406250e+01 6.634756410253608294e+01 4.693032836914062500e+01 5.279181245255709598e+01 1.573646215201651103e+03 2.186412360300262492e+01 4.235236542609112087e-01 3.783891837851525719e-01 7.915231198072608665e-01
