1.152228088378906250e+02 5.427647724790602979e+01 1.229595184326171875e+02 4.064360931994441728e+01 1.032387542724609375e+02 5.495373936904153567e+01 1.584506372010295763e+03 2.774041896340482793e+01 5.925738018076272956e-02 1.124442953217337504e-02 6.167552718693971592e-01
1.224417114257812500e+02 5.129975483226326816e+01 1.271947326660156250e+02 3.705031542556822899e+01 1.099862365722656250e+02 5.263502991629015781e+01 1.231873648955208409e+03 2.413590451938125625e+01 6.694601627222621087e-02 1.202072423153450684e-02 6.555551763567828427e-01
1.237312164306640625e+02 4.782875195753812392e+01 1.291056976318359375e+02 3.482238713120493401e+01 1.132887268066406250e+02 4.658860044601712502e+01 1.233451793195702976e+03 2.532304748578722098e+01 5.071044293551307813e-02 9.859141863393112298e-03 5.946839205401350803e-01
1.069652709960937500e+02 4.743971956218202024e+01 1.189185180664062500e+02 3.725432031889742035e+01 9.596582031250000000e+01 4.847164141984990948e+01 1.688059018857629553e+03 3.066084180992363883e+01 3.823863335954756637e-02 8.357992409380565757e-03 4.769152494782935015e-01
1.193763580322265625e+02 5.128633253414087534e+01 1.231193542480468750e+02 4.561417532841735323e+01 1.106125488281250000e+02 5.133158637965050985e+01 1.328884833018076733e+03 2.509499308599342982e+01 7.061295010533386041e-02 1.068360437095897640e-02 7.054893161239254029e-01
1.163401336669921875e+02 5.752701671375012182e+01 1.269467773437500000e+02 4.594337234590945229e+01 1.053693237304687500e+02 5.914084983966245801e+01 1.012533834817998581e+03 1.935487031728749940e+01 1.117250682512650889e-01 1.685751753965076399e-02 7.978157087133732617e-01
1.183424530029296875e+02 5.409413127653363773e+01 1.288868560791015625e+02 3.742753008016165950e+01 1.050899658203125000e+02 5.714730240156726637e+01 1.071187659475256169e+03 2.249413607902634027e+01 6.271987780382438926e-02 1.142000601661843570e-02 7.182363362436154919e-01
1.162526092529296875e+02 4.759019805479312737e+01 1.291667785644531250e+02 2.713643707071473443e+01 1.048465576171875000e+02 4.833298941041476837e+01 7.962799335622025865e+02 1.999082137434586670e+01 6.669440941955137592e-02 1.245611404378855515e-02 6.635738280768500585e-01
1.207227172851562500e+02 4.691055019417975558e+01 1.278381195068359375e+02 3.806006525276592356e+01 1.098849639892578125e+02 4.606338442049111137e+01 1.661142332403571800e+03 3.014298467076784860e+01 4.102162355144435557e-02 9.055861602357617030e-03 4.880281198886882166e-01
1.294035034179687500e+02 4.530474572585808346e+01 1.372829437255859375e+02 3.500459877853198520e+01 1.187157135009765625e+02 4.878360571375896626e+01 1.072775535768742202e+03 2.246795187278024031e+01 6.256704561490766814e-02 1.043533310540757826e-02 6.470661900354206519e-01
1.171585235595703125e+02 5.355402535643553819e+01 1.235677795410156250e+02 4.850632347857781212e+01 1.084970397949218750e+02 5.462374065362970299e+01 1.543145998307839363e+03 2.672882705116335700e+01 7.074173498340707855e-02 9.588907941476577934e-03 6.950018089126672738e-01
1.196846008300781250e+02 4.487515381158723926e+01 1.176977386474609375e+02 2.764042667950255350e+01 1.060055999755859375e+02 4.674405390737882726e+01 5.428969403848456068e+02 1.654345739814008454e+01 7.335952032155643177e-02 1.390971937019344282e-02 7.687406597468027236e-01
1.311418914794921875e+02 5.296067784396114320e+01 1.387223358154296875e+02 4.367232473089120504e+01 1.232122344970703125e+02 5.405073523860413331e+01 1.228827557000184015e+03 2.291912630349929358e+01 8.588161618289419375e-02 1.134754497042587268e-02 7.252603929618836043e-01
1.337115020751953125e+02 5.405437788543285649e+01 1.410744781494140625e+02 3.744637023532666120e+01 1.236673278808593750e+02 5.522792006716114344e+01 1.229963622684339271e+03 2.479440161887807292e+01 5.319364648987456867e-02 1.121457564962896787e-02 6.784017557685475541e-01
1.252391815185546875e+02 4.872934693562464759e+01 1.312071990966796875e+02 3.266986423831242092e+01 1.133095245361328125e+02 4.953993021689210963e+01 1.018339863293684630e+03 2.128022852442695267e+01 7.363232173708707251e-02 1.269294550917380790e-02 6.553755783072734431e-01
1.167976837158203125e+02 5.494518926503192091e+01 1.268279113769531250e+02 3.820937911816497490e+01 1.037552032470703125e+02 5.802266693824839905e+01 1.179974292144525407e+03 2.299194979809463035e+01 6.939430382945645237e-02 1.103106130048610647e-02 7.030712152375137025e-01
1.472070770263671875e+02 5.194310152920515833e+01 1.562528839111328125e+02 3.759511577353289624e+01 1.309541473388671875e+02 5.646794464266656632e+01 1.372220569107751544e+03 2.674726148087786726e+01 4.515009568688232999e-02 9.960527053248480547e-03 6.169388561338402521e-01
1.177533721923828125e+02 4.707169389096327450e+01 1.245647888183593750e+02 3.579678354714463495e+01 1.067465667724609375e+02 4.934729458544703107e+01 7.956200585232627418e+02 1.830895124334981361e+01 8.186777134346387430e-02 1.166171865924599260e-02 7.534824135270895562e-01
1.228355865478515625e+02 5.240164583912770269e+01 1.326652832031250000e+02 3.500556981097279419e+01 1.147188415527343750e+02 5.410692231099960736e+01 1.056112615108547743e+03 2.183406788669223531e+01 7.141021617553039436e-02 1.298783411229100654e-02 6.954308534433198963e-01
1.181004028320312500e+02 5.583006706961655397e+01 1.260284729003906250e+02 4.205394965086279058e+01 1.044199981689453125e+02 5.779134913855102695e+01 1.169201727746220058e+03 2.316392010823840764e+01 6.676205464548400081e-02 1.135921334144999496e-02 7.372582794893309810e-01
1.161189270019531250e+02 4.784260488271839051e+01 1.263897399902343750e+02 3.269775772600273456e+01 1.046932830810546875e+02 4.874087981897260846e+01 9.708627947680034822e+02 2.095637514547717117e+01 7.280280462859423096e-02 1.470718300301666025e-02 6.586636503549454513e-01
1.243800048828125000e+02 4.890265130629557433e+01 1.339640808105468750e+02 3.546697696693583879e+01 1.149203033447265625e+02 4.856339466257583837e+01 1.135040799748304380e+03 2.385624982901859426e+01 5.650124265483891239e-02 1.039368543325877407e-02 6.382398320724884666e-01
1.423912048339843750e+02 5.067435779444500810e+01 1.454539184570312500e+02 3.176871229428572008e+01 1.249361877441406250e+02 5.355187856435470195e+01 7.998454327618776460e+02 2.082210912267329306e+01 5.281038916049538012e-02 1.020916623050161648e-02 7.386200307109378471e-01
1.245276489257812500e+02 4.598865865135201858e+01 1.270491638183593750e+02 3.622315681652969488e+01 1.136527099609375000e+02 4.676103654277297039e+01 1.254114151548003520e+03 2.666894978261591120e+01 4.549615360811745668e-02 9.599971920648008028e-03 5.857898800094065717e-01
1.260143280029296875e+02 5.232307479181862675e+01 1.347868804931640625e+02 3.729342032888352065e+01 1.172116088867187500e+02 5.135569254224418501e+01 1.196787113754546681e+03 2.456707469563904311e+01 5.083552835511667700e-02 9.530125244701613541e-03 6.695317806484161194e-01
1.503663787841796875e+02 4.662206594592302622e+01 1.609430084228515625e+02 2.500244865219488588e+01 1.350111541748046875e+02 4.901722645637945419e+01 7.872019465082249781e+02 1.760588404856055789e+01 1.145872317869063572e-01 2.440350137325209348e-02 6.022447536184466488e-01
1.193193511962890625e+02 4.571989297415635178e+01 1.274948425292968750e+02 2.863215174906271798e+01 1.070284881591796875e+02 4.339993454407125739e+01 9.192569836268012295e+02 2.153785173811468923e+01 6.168033802608349769e-02 1.154732101152379509e-02 6.036436017487895045e-01
1.134736328125000000e+02 5.304905538446026725e+01 1.216272277832031250e+02 3.947829974476694304e+01 9.779457092285156250e+01 5.697909822653998191e+01 1.717857526333041733e+03 3.115513116092771284e+01 3.684732025032817770e-02 7.869306321701071555e-03 5.652765055748070200e-01
1.160472564697265625e+02 4.988685358391353475e+01 1.195441436767578125e+02 3.454439315511191211e+01 1.009091644287109375e+02 5.119733685717600480e+01 1.084624354675463564e+03 2.266909420037099210e+01 6.941762857958942712e-02 1.226479475668425072e-02 6.612879271686782356e-01
1.319554595947265625e+02 4.880664699288848851e+01 1.360926361083984375e+02 3.789587725481193559e+01 1.172280883789062500e+02 5.016733542661641110e+01 1.700936835045690259e+03 3.127197051996562038e+01 3.863922063965102849e-02 8.730058582149896607e-03 4.984275478583070629e-01
1.309486846923828125e+02 5.955761063693871904e+01 1.401412811279296875e+02 4.168776662816861034e+01 1.146603698730468750e+02 6.535531693496585603e+01 1.489099958213573700e+03 2.830593342461416384e+01 4.179478244124393282e-02 8.292969227715583230e-03 6.878862348762989631e-01
1.318358001708984375e+02 4.952993394064993282e+01 1.423765869140625000e+02 3.636027303925970955e+01 1.216564025878906250e+02 5.114890390804257692e+01 1.179364910746745409e+03 2.521328516933285258e+01 5.014045309543475187e-02 9.687940002702769351e-03 6.354667641406519518e-01
9.543385314941406250e+01 5.269800905428557058e+01 9.819873046875000000e+01 3.566792356015932342e+01 7.855949401855468750e+01 5.371475725520123490e+01 7.083101225487473585e+02 1.881170184277065260e+01 7.500822772506625380e-02 1.253393961980806166e-02 7.992686539218747388e-01
1.208191680908203125e+02 4.631851185456208242e+01 1.291582031250000000e+02 2.911009620841930001e+01 1.105805664062500000e+02 4.702620220026656739e+01 8.496227782796204338e+02 2.085300495629758899e+01 5.930578354582524692e-02 1.135826113807073164e-02 6.539786698439983281e-01
1.184368133544921875e+02 4.138108506077631432e+01 1.229340515136718750e+02 2.873848778370264156e+01 1.072151336669921875e+02 4.358812614766659976e+01 7.366317142771423505e+02 1.827274579164146928e+01 8.181974980487008442e-02 1.459711646600148766e-02 6.786714408465610582e-01
1.321390838623046875e+02 5.895990350839530691e+01 1.467084350585937500e+02 3.979970313054450770e+01 1.197784576416015625e+02 6.231368744099628287e+01 1.657738919858218651e+03 2.776877089763734219e+01 6.494224912206347788e-02 1.085942129689712946e-02 6.240464586902799704e-01
1.194607086181640625e+02 4.778901888828124100e+01 1.294300689697265625e+02 3.238014009679566385e+01 1.068746948242187500e+02 5.045870839566373434e+01 1.010132981391984572e+03 2.085680588127365809e+01 8.435902168080559871e-02 1.569458813421170662e-02 6.434027790383827217e-01
1.215479278564453125e+02 4.430705134476725959e+01 1.301002655029296875e+02 3.512414553116904870e+01 1.095464477539062500e+02 4.536337974084830904e+01 1.554338453909315604e+03 2.971194811328144425e+01 3.828320970767318254e-02 9.181512205909875268e-03 4.467412593010105515e-01
1.561802520751953125e+02 4.388963481255485277e+01 1.656840209960937500e+02 2.633808252061718491e+01 1.410327911376953125e+02 4.886206172717793095e+01 8.486405042163029293e+02 1.915218600485941636e+01 8.609112335528532056e-02 1.745386361921071397e-02 5.655603246187279609e-01
1.086158294677734375e+02 4.705148591641498967e+01 1.203044128417968750e+02 3.239478182835184583e+01 1.019455566406250000e+02 4.829632806915644494e+01 6.682519935982199968e+02 1.789704573894491801e+01 7.415751808618428753e-02 1.226710168064960339e-02 7.584248823771126968e-01
1.285879211425781250e+02 4.996647762333888210e+01 1.326089782714843750e+02 3.660698909153376945e+01 1.159293212890625000e+02 5.110365004314966342e+01 1.643095965390759829e+03 3.106332685714152930e+01 3.446827124900026657e-02 8.188184836215944840e-03 5.186200557362429242e-01
1.282337036132812500e+02 4.739614510541507286e+01 1.353711700439453125e+02 3.538582901775883727e+01 1.119873199462890625e+02 4.930113895220669917e+01 1.584499950417543687e+03 2.963118044695131204e+01 3.919118669529889076e-02 9.316825100978708835e-03 4.676500025176916209e-01
1.174532012939453125e+02 5.205120125715401969e+01 1.306812133789062500e+02 3.648337163826927565e+01 1.067414093017578125e+02 5.334487081301104183e+01 1.155768507341076202e+03 2.451964201235229979e+01 5.592236641524216123e-02 1.036054292831727411e-02 6.708121866822871482e-01
1.246607208251953125e+02 5.024905244722224751e+01 1.325101623535156250e+02 3.916998049926127123e+01 1.150356445312500000e+02 5.070917191382779521e+01 1.586746818988182213e+03 2.925584583855653165e+01 4.260711105421896572e-02 8.957548579109304854e-03 5.659318949237515106e-01
1.498874969482421875e+02 4.480727697859128966e+01 1.580715484619140625e+02 2.889524165101457243e+01 1.368170013427734375e+02 4.683930416530219532e+01 7.840013321816488769e+02 1.860798493016790189e+01 7.775206878515769637e-02 1.564227482225717669e-02 6.481877779104179282e-01
1.058293762207031250e+02 4.601181344386597516e+01 1.159840087890625000e+02 3.753637990406982539e+01 1.028629302978515625e+02 4.725394543565246153e+01 1.383266846083841756e+03 2.647389569263857112e+01 5.535252788828980142e-02 9.472846909572354979e-03 5.567523035515856700e-01
1.224468994140625000e+02 5.664397985888309961e+01 1.265455017089843750e+02 4.061920712790869459e+01 1.117596435546875000e+02 5.696547548932168326e+01 1.317435334287105889e+03 2.504091068400630604e+01 6.006163904144486143e-02 1.071419823459387501e-02 6.977442920211545108e-01
1.262805938720703125e+02 5.233017798034833135e+01 1.338275604248046875e+02 4.503169122320421991e+01 1.189988250732421875e+02 5.278717364222293185e+01 1.164575665072707352e+03 2.213187432076563255e+01 8.700872170987747345e-02 1.136979055139269307e-02 7.425303844566142342e-01
1.172310333251953125e+02 5.160828709915399060e+01 1.201520233154296875e+02 4.266033068988970456e+01 1.035720062255859375e+02 5.354511621861694692e+01 1.446074954707521556e+03 2.798571476774607092e+01 5.381142835262339719e-02 1.004558166261845450e-02 6.490243382773226433e-01
1.219617156982421875e+02 4.870350956808720611e+01 1.294920501708984375e+02 3.288001003788217957e+01 1.102529449462890625e+02 5.139202582873051739e+01 9.994109009202582001e+02 2.166852602712884845e+01 6.504748812213581588e-02 1.211296594778839969e-02 6.650070149338487280e-01
1.271747741699218750e+02 5.362579901917179370e+01 1.322298431396484375e+02 3.847207875064466975e+01 1.136850891113281250e+02 5.593421653534812066e+01 1.189553622300092456e+03 2.274057620046951911e+01 7.987223859060027520e-02 1.208474346363134361e-02 6.930134691096365707e-01
1.261407623291015625e+02 5.191090396528529993e+01 1.340682067871093750e+02 4.243813661539495996e+01 1.183052368164062500e+02 5.323753877969843273e+01 1.205451569496722868e+03 2.370476786031616712e+01 6.579243857432848230e-02 9.516688952707019755e-03 7.167036968278264197e-01
1.244625091552734375e+02 4.380932708178061574e+01 1.280091400146484375e+02 2.603629982869498605e+01 1.022746124267578125e+02 4.573189712659312534e+01 7.186780317004349854e+02 1.938392859492960341e+01 6.208462435903638194e-02 1.200950006135009449e-02 6.287667670924710350e-01
1.307504119873046875e+02 4.933068844690095744e+01 1.334248046875000000e+02 3.433632755340079967e+01 1.146121520996093750e+02 5.097107694414555112e+01 1.389512844992616010e+03 2.563578199825002457e+01 6.449587358310240881e-02 1.285877085942844014e-02 5.532482958522253469e-01
1.183460845947265625e+02 4.678350403971004567e+01 1.242517089843750000e+02 3.411732610329753612e+01 1.059430084228515625e+02 4.808121107592358356e+01 1.141007598803753808e+03 2.450325933548300128e+01 4.951791269449127425e-02 9.692023626012378351e-03 6.084277999663589842e-01
1.046218109130859375e+02 5.292545583630205641e+01 1.108392486572265625e+02 4.554977335275381733e+01 9.487847900390625000e+01 5.488301854481828457e+01 1.531171607305928774e+03 2.784169066102067802e+01 5.545597733927644379e-02 8.563744773483660672e-03 6.729749162210586499e-01
1.227516174316406250e+02 5.225787335497025765e+01 1.322487335205078125e+02 3.854682005493695840e+01 1.101044769287109375e+02 5.284982351837994941e+01 1.140950790243591882e+03 2.294016280477182335e+01 7.185423813549902949e-02 1.178763990442683110e-02 6.876788165469709391e-01
1.277660522460937500e+02 4.984314555512424505e+01 1.312362976074218750e+02 3.068954571470717951e+01 1.171240997314453125e+02 5.071720566246531092e+01 9.151254339636823261e+02 2.110120570713726806e+01 6.674771277037841455e-02 1.369749961234537766e-02 6.830668514013451542e-01
1.243120422363281250e+02 5.140276137719977356e+01 1.286273040771484375e+02 4.395632186783266349e+01 1.139373779296875000e+02 5.360786800982054245e+01 1.184028138390334334e+03 2.242993634276488280e+01 8.791329282399064360e-02 1.079880908144905532e-02 7.279550687363457451e-01
1.420689239501953125e+02 5.009171728176385585e+01 1.469680328369140625e+02 3.419900660021142613e+01 1.296073303222656250e+02 5.310222498921714873e+01 1.123085814169097375e+03 2.462188391768568607e+01 4.549339832558210728e-02 9.316086223039143910e-03 6.504354718291889270e-01
1.264447631835937500e+02 5.229335436095006173e+01 1.284866180419921875e+02 3.723849376447747517e+01 1.127840118408203125e+02 5.335002916295675846e+01 1.356063062514642297e+03 2.757221679560200300e+01 4.212150001803226934e-02 9.000792579848933272e-03 6.268264049991667530e-01
1.292185974121093750e+02 4.372888936362443957e+01 1.392480010986328125e+02 2.474651157591220141e+01 1.193078613281250000e+02 4.485299246508049009e+01 6.805071490629923119e+02 1.719086706383149021e+01 9.553499842314576440e-02 1.638913256464468587e-02 6.534788440159310374e-01
1.418804168701171875e+02 5.434353264940944683e+01 1.484471893310546875e+02 3.627030748998429743e+01 1.260725097656250000e+02 6.013096052145122883e+01 1.308913704412596417e+03 2.689311186624906469e+01 4.192074561254571091e-02 9.099661444633290464e-03 6.528938990646430129e-01
1.242884216308593750e+02 4.737207702707721779e+01 1.310098876953125000e+02 3.587711119981691610e+01 1.124678802490234375e+02 4.815458683463263867e+01 1.253639263694687543e+03 2.544215315148387901e+01 5.337108724531047788e-02 1.108022097788439325e-02 5.858832441203378760e-01
1.258870697021484375e+02 5.077824107715260737e+01 1.364373016357421875e+02 3.511835900185939607e+01 1.137673492431640625e+02 5.276429298518013411e+01 1.515352416763126257e+03 2.865624578798034605e+01 4.261500500756657678e-02 8.899965546401066019e-03 5.353150340112070582e-01
1.122263488769531250e+02 4.780413886323477612e+01 1.212295532226562500e+02 3.779338573762981213e+01 1.011858367919921875e+02 4.885178609430502661e+01 1.721399285803410748e+03 3.143054136799366916e+01 3.812992961145564297e-02 8.481147723106529160e-03 4.765258546636151338e-01
1.273162384033203125e+02 4.666466301080416201e+01 1.375522003173828125e+02 3.253582325158094335e+01 1.112410583496093750e+02 4.829439478985296574e+01 1.382961369515898696e+03 2.817617987741687813e+01 3.823546104268550627e-02 9.437571781985714531e-03 4.770348666390332171e-01
1.228489379882812500e+02 5.328222118199442292e+01 1.255690917968750000e+02 3.767021410890976796e+01 1.054463653564453125e+02 5.704988344389258970e+01 1.101123246776949827e+03 2.259009370867040900e+01 6.478165927570658789e-02 1.153013795717209439e-02 7.096551669803246032e-01
1.336573944091796875e+02 4.879505637669298324e+01 1.458051910400390625e+02 3.273881278512509851e+01 1.256947937011718750e+02 5.028558080803176722e+01 1.085116035846784825e+03 2.382116387043675587e+01 5.185959481221850270e-02 1.053490245722921853e-02 6.312129380490790753e-01
1.450691986083984375e+02 4.329951582927534304e+01 1.537529602050781250e+02 2.630547071806737236e+01 1.325836944580078125e+02 4.663069783772704824e+01 1.015074238417191509e+03 2.154293083016462163e+01 7.657726914714552136e-02 1.487243569334156801e-02 4.959979996564290450e-01
1.330758361816406250e+02 4.729911150659182795e+01 1.471596527099609375e+02 3.614625943907621775e+01 1.274598999023437500e+02 4.593425142254683635e+01 1.199569013537524825e+03 2.447414544760338373e+01 5.988680263365482592e-02 1.034649718096698756e-02 6.054834937378454907e-01
1.161702423095703125e+02 5.882917775952419248e+01 1.250352783203125000e+02 4.014189774914741804e+01 1.015944519042968750e+02 6.265598130381819431e+01 1.229638371190107136e+03 2.352740129165137617e+01 6.812356645901046504e-02 1.288343129827034667e-02 7.269044035896502498e-01
1.303804168701171875e+02 4.519433623537253197e+01 1.381218872070312500e+02 3.190834661486409729e+01 1.190225372314453125e+02 4.734581197044339973e+01 6.791283989034366186e+02 1.656503630738555444e+01 1.012153263850976148e-01 1.414545243498327443e-02 7.539565352126962328e-01
1.308422088623046875e+02 5.288608491203594042e+01 1.345704193115234375e+02 3.701108880047622307e+01 1.185270080566406250e+02 5.359582126836112792e+01 1.112981162047799444e+03 2.279606139870858073e+01 6.656769875774080913e-02 1.257352073656468200e-02 6.986916977743982127e-01
1.304611358642578125e+02 4.960527342374182780e+01 1.419761810302734375e+02 3.210871440417550815e+01 1.181600494384765625e+02 5.498597652827549354e+01 7.409746885532110809e+02 1.643968085128427958e+01 1.217160198165815055e-01 1.854432290213536838e-02 7.438969942277315894e-01
1.087436370849609375e+02 4.811458450708258283e+01 1.194160614013671875e+02 3.058922003402792100e+01 9.054315185546875000e+01 4.750745116031169601e+01 7.340277535099628494e+02 1.901364798817454371e+01 7.007423171585731858e-02 1.188041055153172057e-02 7.158833542768354707e-01
1.246088867187500000e+02 5.026838689063711030e+01 1.341143035888671875e+02 3.698807080772485278e+01 1.141558227539062500e+02 5.231167696514884113e+01 1.601438826026051174e+03 2.957356232085932035e+01 4.253266165423530420e-02 9.204875643620869657e-03 5.342562537479629281e-01
1.398685302734375000e+02 5.422510562207020257e+01 1.494368286132812500e+02 3.495002851590565740e+01 1.252095184326171875e+02 5.848364500028668544e+01 1.103477795608461065e+03 2.330745101418282417e+01 5.754689763227599508e-02 1.072342273341782976e-02 6.950701071149478771e-01
1.180030364990234375e+02 5.123186583644387326e+01 1.244303436279296875e+02 3.756013489319371956e+01 1.057294616699218750e+02 5.223821353472061446e+01 1.733747569381164794e+03 3.044047629085486051e+01 4.115817411270716875e-02 9.528192445580120976e-03 5.160942204528494726e-01
1.331228942871093750e+02 5.340785913381913019e+01 1.403665924072265625e+02 3.682747069677746765e+01 1.205851745605468750e+02 5.445550688550715535e+01 1.258451638552304303e+03 2.430306234119867526e+01 5.783621147988710076e-02 1.186787900869878433e-02 6.619887585127637308e-01
1.177581329345703125e+02 6.729836478721173876e+01 1.253404541015625000e+02 5.298640034040835189e+01 1.057238006591796875e+02 7.237009167046774394e+01 1.343132069790560763e+03 2.314128528483468727e+01 7.991539026925906231e-02 1.185822941670408408e-02 8.077674213115400015e-01
1.103655548095703125e+02 4.938292364406244417e+01 1.185608062744140625e+02 3.835088287630303938e+01 1.005321960449218750e+02 4.950814845767977346e+01 1.567702515744470929e+03 2.985639578029142882e+01 3.823072175203193201e-02 8.291997978808595543e-03 5.491285324278034619e-01
1.186460266113281250e+02 5.712048248863662536e+01 1.285626983642578125e+02 4.099987204413962871e+01 1.041295166015625000e+02 5.944938759491856217e+01 1.413598020241202676e+03 2.634152462095152458e+01 5.738885812021189692e-02 1.029295841474042392e-02 6.808040844933014313e-01
1.132107391357421875e+02 5.077651457515035105e+01 1.208605651855468750e+02 3.944690735440548934e+01 9.935058593750000000e+01 5.222700088305577282e+01 1.623076708454272193e+03 3.021560381959459818e+01 4.035717355837313558e-02 8.200867167413672040e-03 5.613078454619625512e-01
1.173675537109375000e+02 5.950858999690689188e+01 1.258783264160156250e+02 4.321676077740782063e+01 1.041300506591796875e+02 5.989125742829789800e+01 1.208983574595930577e+03 2.339518679274787871e+01 6.072183555787405429e-02 9.771922275575137956e-03 7.506880821593888697e-01
1.396972351074218750e+02 5.639014828977202143e+01 1.464193878173828125e+02 3.846511293118513919e+01 1.270967254638671875e+02 6.117819175575537827e+01 1.285903193658902865e+03 2.504612139135375060e+01 5.364585911589783707e-02 1.093165319873766819e-02 6.941495117812863658e-01
1.237976074218750000e+02 4.762858499402835122e+01 1.331128692626953125e+02 3.381533166584559780e+01 1.115839843750000000e+02 4.815532947331323044e+01 1.148262532011096937e+03 2.341764504466746288e+01 6.765327922735914212e-02 1.168562621144580982e-02 6.007128808512278706e-01
1.359283905029296875e+02 4.351678650418960359e+01 1.352667236328125000e+02 2.681404779291647245e+01 1.117110900878906250e+02 4.608666652731345437e+01 7.071354793329717268e+02 1.888297849150749386e+01 6.856658304061052922e-02 1.377579669102796042e-02 6.666369859390416375e-01
1.398476104736328125e+02 5.373490872550094366e+01 1.523296966552734375e+02 3.393590321179136993e+01 1.265629425048828125e+02 5.615358305183595888e+01 6.705655278460719728e+02 1.639213511736986106e+01 8.997492353292896317e-02 1.413449568369105555e-02 8.037677814114940755e-01
1.239234313964843750e+02 5.678597027403687036e+01 1.328599853515625000e+02 3.974390930452647552e+01 1.123637237548828125e+02 6.076610297346615397e+01 1.145370089395353261e+03 2.272963858182714603e+01 7.784991893273827956e-02 1.268838012769814977e-02 7.325885644228770088e-01
1.363246765136718750e+02 5.269452625391332390e+01 1.420253601074218750e+02 3.633910533223642148e+01 1.230765533447265625e+02 5.375734655971289300e+01 1.344187317134044861e+03 2.746967327488536270e+01 4.182325210763818829e-02 8.715276347306366925e-03 6.190414125745327123e-01
1.066231384277343750e+02 4.241427372637905790e+01 1.100336608886718750e+02 2.278252851889151032e+01 8.499839782714843750e+01 4.271782751205910955e+01 5.249086686357106828e+02 1.682309193860302443e+01 6.685253778523003731e-02 1.341323629658693409e-02 6.976514672081727264e-01
1.323967742919921875e+02 6.096357511010291574e+01 1.405240936279296875e+02 4.444715125519487486e+01 1.230217895507812500e+02 6.340376990683653702e+01 1.245063725769181019e+03 2.305912913638357153e+01 7.412963875731203023e-02 1.199495602520963579e-02 7.603980989224974341e-01
1.153182525634765625e+02 4.993115915330581345e+01 1.235111236572265625e+02 4.310701969819235302e+01 1.056661987304687500e+02 5.195405893242852358e+01 1.344738215918256856e+03 2.482986671035263271e+01 7.391110565023659151e-02 1.033034205650827479e-02 6.715268817833601744e-01
1.221521148681640625e+02 5.835614984484792700e+01 1.336940155029296875e+02 4.200830306548520809e+01 1.104318695068359375e+02 6.203224350261985620e+01 1.275612665203004326e+03 2.349527674130257537e+01 7.137598342869089230e-02 1.102919545098419302e-02 7.277651829401101669e-01
1.203546295166015625e+02 5.331461923809111170e+01 1.288836669921875000e+02 3.932285017616343481e+01 1.050066223144531250e+02 5.602526954622335609e+01 1.446064516728461285e+03 2.717455462971224733e+01 4.978665776123272768e-02 8.925516470492608073e-03 6.319029646748146600e-01
1.355141143798828125e+02 5.217207372587847658e+01 1.426235504150390625e+02 3.864298550263245602e+01 1.241565704345703125e+02 5.328340991068196075e+01 1.060803971436767824e+03 2.221395265315156564e+01 7.078312082291614293e-02 1.258562980936067839e-02 7.179513975100927370e-01
1.196995239257812500e+02 5.679636146619556314e+01 1.267138977050781250e+02 5.234224980096710311e+01 1.117318420410156250e+02 5.923329762770263329e+01 1.243095356673532024e+03 2.303406916661117521e+01 9.513431567105515296e-02 1.203446079396441361e-02 7.871673653299143814e-01
1.290563812255859375e+02 5.162745592996962785e+01 1.387513122558593750e+02 4.288820058165738658e+01 1.213809356689453125e+02 5.218983594092377842e+01 1.351324943789234112e+03 2.473396710252092845e+01 7.592087608470352023e-02 1.106883065878466743e-02 6.795045082495436706e-01
1.363928680419921875e+02 5.346704966785599566e+01 1.423191986083984375e+02 3.599920519572595623e+01 1.256833496093750000e+02 5.524341870234584917e+01 9.972861073309427411e+02 2.074151890311917157e+01 8.319422670050187485e-02 1.695880438312248259e-02 7.273785241356569564e-01
1.258322906494140625e+02 5.356158349715904166e+01 1.346052703857421875e+02 4.490364367470669293e+01 1.175151519775390625e+02 5.677555949881872266e+01 1.241996093090411250e+03 2.374098207931824334e+01 6.926373738830943205e-02 9.505597206753172920e-03 7.353291010800437899e-01
1.231314544677734375e+02 4.406222270381774564e+01 1.333570404052734375e+02 2.788543878261910081e+01 1.137196807861328125e+02 4.390298052351682401e+01 8.932231473668396120e+02 2.003425338332124284e+01 7.660004837651607223e-02 1.563146614096738718e-02 5.955525484304221573e-01
1.381615905761718750e+02 5.179519062409630692e+01 1.450218048095703125e+02 3.554238335309611330e+01 1.279795837402343750e+02 5.171134038144319334e+01 7.444901503936098379e+02 1.806356641844653055e+01 7.903061973212388569e-02 1.458011655123877225e-02 7.801368445890906056e-01
1.333766326904296875e+02 4.453384596588070110e+01 1.381158142089843750e+02 3.397481029424498189e+01 1.165382690429687500e+02 4.390010557074923980e+01 1.611258653476726522e+03 3.039502954719332450e+01 3.667780432121976047e-02 9.550265350551643759e-03 3.919431554322860278e-01
1.174140472412109375e+02 4.609222088103700088e+01 1.265446014404296875e+02 3.317515587385356213e+01 1.058542175292968750e+02 4.652783275743722413e+01 1.405852781283743070e+03 2.787009691904338737e+01 4.242073303516837035e-02 9.524547169189318332e-03 4.915272101559666207e-01
1.247893676757812500e+02 4.369134468441762209e+01 1.168491210937500000e+02 2.684318330053347879e+01 9.512449645996093750e+01 4.651812181556417869e+01 6.161342387279084960e+02 1.767046474619059637e+01 7.104297841583212536e-02 1.391529099263602229e-02 7.046742783102746266e-01
1.242000122070312500e+02 5.012675921846479099e+01 1.296791229248046875e+02 3.194664399718517345e+01 1.115437774658203125e+02 5.098166497488691817e+01 8.954836006076400281e+02 1.984370818779802192e+01 7.601837334266069168e-02 1.611661188314779392e-02 6.941637756165814910e-01
1.172884521484375000e+02 4.832484585844871106e+01 1.237335662841796875e+02 3.507742700118291879e+01 1.044177398681640625e+02 5.061176623054947754e+01 1.549959035081314823e+03 3.003090898924857655e+01 3.651138590244570187e-02 8.367964654771648664e-03 5.066247034853343933e-01
1.460593414306640625e+02 5.507883009039710487e+01 1.506688385009765625e+02 3.708181456050459701e+01 1.315721130371093750e+02 5.918860612377938679e+01 1.079675650635139164e+03 2.317232210170931950e+01 5.134423965914426680e-02 1.060548645744929797e-02 7.259800929952594517e-01
1.236755828857421875e+02 4.200495219648679068e+01 1.344909667968750000e+02 2.608851716229600370e+01 1.139443359375000000e+02 4.175906126405051566e+01 8.630401229634862830e+02 2.013385841859339109e+01 7.454164748143624064e-02 1.409479603584512172e-02 5.519852324770020413e-01
1.236734008789062500e+02 5.547926857139724177e+01 1.339453125000000000e+02 4.140021587813111381e+01 1.111565399169921875e+02 5.948854904349480677e+01 1.538985806986316675e+03 2.776903291430193832e+01 5.334249402588017719e-02 8.874336581218167375e-03 6.488520624945155468e-01
1.232762756347656250e+02 4.543642968989796316e+01 1.263330841064453125e+02 3.236694285332515619e+01 1.093986206054687500e+02 4.578309150574951047e+01 1.443598950978602943e+03 2.899174893519053242e+01 3.726250691058083375e-02 9.394713457889215108e-03 4.604461436643174088e-01
1.215399169921875000e+02 4.724798346797442861e+01 1.259034271240234375e+02 3.521137470569669858e+01 1.079825286865234375e+02 4.740298400296168069e+01 1.709929128107924043e+03 3.105405739086602779e+01 3.650321386880726882e-02 9.043965247645922162e-03 4.352332309003755784e-01
1.307514190673828125e+02 4.604863081861351759e+01 1.441064453125000000e+02 3.157838047986920316e+01 1.184777374267578125e+02 4.692621543239472004e+01 1.036878968661840190e+03 2.293928827252327096e+01 5.654554556955714018e-02 1.049997217361685678e-02 6.043902365579714164e-01
1.291755065917968750e+02 4.945408108450503448e+01 1.442807464599609375e+02 3.146733738224683563e+01 1.131315917968750000e+02 5.143444995423873678e+01 9.730411660972793015e+02 2.290231431017787145e+01 4.985584510052665924e-02 9.948746140357643541e-03 6.584693139419698360e-01
1.200048370361328125e+02 4.765733724852536568e+01 1.294417572021484375e+02 3.424156935848541394e+01 1.089274291992187500e+02 4.613188022536380117e+01 8.151247304411747336e+02 1.876808165322698940e+01 9.802256269884797313e-02 1.575218525038856593e-02 7.173922357096534919e-01
1.370709533691406250e+02 4.840038681298685219e+01 1.417213134765625000e+02 3.156578244972633485e+01 1.241885681152343750e+02 5.072375225568387691e+01 1.121162573507511297e+03 2.509634622160228901e+01 4.302089568482456161e-02 9.872153565584148791e-03 6.100425528678450338e-01
1.189069976806640625e+02 5.041186085826054608e+01 1.260820617675781250e+02 3.293145260315435507e+01 1.055083923339843750e+02 5.161972342348200726e+01 8.863200257193516336e+02 1.995598453545139250e+01 7.902359603902624208e-02 1.516209091796552957e-02 7.149513395857733933e-01
1.243662261962890625e+02 5.631357019896550042e+01 1.317507324218750000e+02 4.925868326154104437e+01 1.155932769775390625e+02 5.902413935379526322e+01 1.266401789945679866e+03 2.238317879368538499e+01 1.000160012884021010e-01 1.324035388780355274e-02 7.636059240376299462e-01
1.541700286865234375e+02 5.618125252727857344e+01 1.631743927001953125e+02 3.656370145800534033e+01 1.393286895751953125e+02 6.263754283273824797e+01 9.365767269887703605e+02 2.002272402250390471e+01 7.151936619684068352e-02 1.390475447376273051e-02 7.644251071991425839e-01
1.258028106689453125e+02 4.387923030137779534e+01 1.303490753173828125e+02 2.417898423981212730e+01 1.068063964843750000e+02 4.407078261142437725e+01 4.661319448785392296e+02 1.417254243187995399e+01 1.002862622110225477e-01 1.759259059179492379e-02 7.527616316557483866e-01
1.218633728027343750e+02 5.777065797912464973e+01 1.294088897705078125e+02 4.265489638076977741e+01 1.108875122070312500e+02 5.810497921799962029e+01 1.226651842068326459e+03 2.337454553273582292e+01 7.010811406975876736e-02 1.109507882808186824e-02 7.371459077106782276e-01
1.227690582275390625e+02 5.421930212033614538e+01 1.278915252685546875e+02 3.785741494300962273e+01 1.117058105468750000e+02 5.462609220095924911e+01 1.170217107409112032e+03 2.410357808599028573e+01 5.260070339580805165e-02 9.856026865698648554e-03 6.995263311835520081e-01
1.253303985595703125e+02 5.696075947630113490e+01 1.332911071777343750e+02 4.192173054589509462e+01 1.111645507812500000e+02 5.922926366674866472e+01 1.406051209196070431e+03 2.669653371978551704e+01 4.845566425573123726e-02 8.765734000078873392e-03 6.853097398249266003e-01
1.362853393554687500e+02 4.881776267452217866e+01 1.479225158691406250e+02 3.453549547386689511e+01 1.244195709228515625e+02 5.112896191729029027e+01 1.269915463241395173e+03 2.576326935873422030e+01 4.815894338259575636e-02 9.606845494124414270e-03 5.897522215422987824e-01
1.245355987548828125e+02 4.948015820232083684e+01 1.337654418945312500e+02 4.071648135378411837e+01 1.131417694091796875e+02 5.222282466938445111e+01 1.217202977478406638e+03 2.365120841857064704e+01 7.059675360885089845e-02 1.003094236296139113e-02 6.824693001592755381e-01
1.350451660156250000e+02 5.582804742002181797e+01 1.427841491699218750e+02 3.874036796205180622e+01 1.237395019531250000e+02 5.994830750244913276e+01 1.199174625459507297e+03 2.454746639508879724e+01 5.482672398427652916e-02 1.020279631913985699e-02 7.127681461237851401e-01
1.265250854492187500e+02 4.610118762152195160e+01 1.296966552734375000e+02 3.239317336204026532e+01 1.121511230468750000e+02 4.608452292400667716e+01 1.519264985686139880e+03 2.926271520517683555e+01 3.897112461007921219e-02 9.870271825238441724e-03 4.407067580245167537e-01
1.184039154052734375e+02 5.011561355114869087e+01 1.226721954345703125e+02 3.644826295468624267e+01 1.066790008544921875e+02 5.113634264650237071e+01 1.036248879399492125e+03 2.061130184747977978e+01 9.711397297521404126e-02 1.560431555175139859e-02 6.975973762146022716e-01
1.319766235351562500e+02 5.217494354862887462e+01 1.421669769287109375e+02 3.243473901693799633e+01 1.147964630126953125e+02 5.582686335611292350e+01 8.320573901694406231e+02 1.951136611638033713e+01 7.397232174605329613e-02 1.250647631391449757e-02 7.363967320650584014e-01
1.177490539550781250e+02 4.885398611110321809e+01 1.261306915283203125e+02 3.529326244755787201e+01 1.088439483642578125e+02 4.800713979706956991e+01 1.365200046818136343e+03 2.679296837643271090e+01 4.542311994521352342e-02 9.426491110847794869e-03 5.660432674733314462e-01
1.308712615966796875e+02 5.819787319454076169e+01 1.396738739013671875e+02 4.304975721743044659e+01 1.197405853271484375e+02 6.096829133564315839e+01 1.321297373047765177e+03 2.354565638886567314e+01 7.330794493788390931e-02 1.334741679108393704e-02 7.223926118075769676e-01
1.189894409179687500e+02 4.946816651019912570e+01 1.291499786376953125e+02 4.374396283331377333e+01 1.111743469238281250e+02 5.249124856026742236e+01 1.531926195798149593e+03 2.704490251838135606e+01 5.949973567587168999e-02 9.030449349829553635e-03 6.327133200396173329e-01
1.253248596191406250e+02 5.255107984929959031e+01 1.304165802001953125e+02 3.766005069155013274e+01 1.154865112304687500e+02 5.097741708992834475e+01 1.282528092098134266e+03 2.562228763981434554e+01 5.313876571348134792e-02 9.515246672153507973e-03 6.477961181208732322e-01
1.385150146484375000e+02 5.094054990293928853e+01 1.487655487060546875e+02 2.842115844853245221e+01 1.228323211669921875e+02 5.172990320303987488e+01 8.484933762774566048e+02 1.985741018337633790e+01 7.866515225451573001e-02 1.451024580210005105e-02 6.825617392656646576e-01
1.151440124511718750e+02 4.784633498399052343e+01 1.243183441162109375e+02 3.390400684425017630e+01 1.063979187011718750e+02 4.613069776391609622e+01 1.237553234421608295e+03 2.585519135776372579e+01 4.899090362641928681e-02 9.533230425701994665e-03 5.808770795078378457e-01
1.134622955322265625e+02 4.965532671767970641e+01 1.197174682617187500e+02 3.598308688174932257e+01 1.048828735351562500e+02 4.802400353390412846e+01 1.159483659824947381e+03 2.430267948231966102e+01 5.643006225647564933e-02 9.996659336099857768e-03 6.508660790640208305e-01
1.176597442626953125e+02 5.184883500372204423e+01 1.238237152099609375e+02 4.347208085297332048e+01 1.100662841796875000e+02 5.347950195958282649e+01 1.154109587100848785e+03 2.326782437405402248e+01 6.667438731722992451e-02 9.473378424366706019e-03 7.368714373154141573e-01
1.208623046875000000e+02 5.059679170434030482e+01 1.341733856201171875e+02 3.763245544970201450e+01 1.127877655029296875e+02 5.117161692301039011e+01 1.490710515768093273e+03 2.891859025458257548e+01 4.153640269942995844e-02 8.401804304982732341e-03 5.724935452574886341e-01
1.493999481201171875e+02 4.291730157847277383e+01 1.615101318359375000e+02 2.342803300744331807e+01 1.333491516113281250e+02 4.792518837010982224e+01 4.553787800483669912e+02 1.217588194999403939e+01 1.368154889125304807e-01 2.134246245184596644e-02 7.297970405603196875e-01
9.569525146484375000e+01 4.863035566746342653e+01 1.058377532958984375e+02 4.017974936931577901e+01 7.683033752441406250e+01 5.068840197612666287e+01 6.467689974658655956e+02 1.655844538360512885e+01 9.491211979769736962e-02 1.337433987717943917e-02 8.173746123767599014e-01
1.114731445312500000e+02 5.498605402003270370e+01 1.161525268554687500e+02 4.772042607374669387e+01 1.012278900146484375e+02 5.614583609880608606e+01 1.384852681176549822e+03 2.580073430474172724e+01 7.032486579854982378e-02 1.014530370751831438e-02 7.270599193056969112e-01
1.259116821289062500e+02 4.765048902425368027e+01 1.336113586425781250e+02 3.169311601390263888e+01 1.139805755615234375e+02 4.654911102080180285e+01 1.449726795963876157e+03 2.879275970357495851e+01 3.855123368856907401e-02 9.278433332103805387e-03 4.700946158395732932e-01
1.125259704589843750e+02 5.051528847270470379e+01 1.198151550292968750e+02 4.513522042015380009e+01 1.010032806396484375e+02 4.722623298689946836e+01 1.005708400836822648e+03 2.016713745857834184e+01 1.170493982297778068e-01 2.088925196920392302e-02 7.586421579295268280e-01
1.229270935058593750e+02 4.432782753000456921e+01 1.273108825683593750e+02 2.672813936314684113e+01 1.047308349609375000e+02 4.445748446479631610e+01 6.323903630490708565e+02 1.698994883347076978e+01 8.275346667991137495e-02 1.579924208980146641e-02 6.969950638136046539e-01
1.203031463623046875e+02 4.506435326202544189e+01 1.275902862548828125e+02 3.325833869171465551e+01 1.058551330566406250e+02 4.393011519047952618e+01 1.507339433973241285e+03 2.893756244566136360e+01 4.136335569149107716e-02 9.461757613864958325e-03 4.186793011418041832e-01
1.249028015136718750e+02 4.761461918281987948e+01 1.326038970947265625e+02 3.127681724450942014e+01 1.122842559814453125e+02 4.890933022375615025e+01 9.958470103102706616e+02 2.202818091637764297e+01 6.145544893679261850e-02 1.203088477212410981e-02 6.378429320153873316e-01
1.207534484863281250e+02 5.466661657913795835e+01 1.309055175781250000e+02 4.311890719330225608e+01 1.118805847167968750e+02 5.446262127113016049e+01 1.033963592498485468e+03 2.020461247785172532e+01 9.665357403776098089e-02 1.349498454905951120e-02 7.599298099032985032e-01
1.322138671875000000e+02 5.344193638461323559e+01 1.409083862304687500e+02 3.851697432643087637e+01 1.180198516845703125e+02 5.182096959930774460e+01 1.605766206169319048e+03 2.940699019170656570e+01 4.033192042106056863e-02 8.851988429156807184e-03 5.688948109272767839e-01
1.265798645019531250e+02 4.815749587566657652e+01 1.352412414550781250e+02 2.559039440326484538e+01 1.108779754638671875e+02 4.815992150211345546e+01 6.609378232765989196e+02 1.710588940094483235e+01 8.864633700451866882e-02 1.518767134375431302e-02 7.074900379570208120e-01
1.185755920410156250e+02 4.662367381925069054e+01 1.227529602050781250e+02 3.867725113075037768e+01 1.040114135742187500e+02 4.513881946624762520e+01 1.346526381376784911e+03 2.614010789078387020e+01 6.235496411335042510e-02 1.189043008239281524e-02 5.845034547625824750e-01
1.135673828125000000e+02 4.432486137071544618e+01 1.216198425292968750e+02 3.502134593317762068e+01 1.018309478759765625e+02 4.423155148030587469e+01 1.368108489286405302e+03 2.710031513227829691e+01 4.650931299587439394e-02 9.925082237558790349e-03 5.122061183129212880e-01
